179 31 31
126 41
52 109
11 113
128 82
147 64
13 20
154 3
138 32
75 25
134 57
74 26
8 112
88 168
112 5
84 105
134 84
1 68
48 123
28 111
174 30
163 139
105 79
165 105
63 61
156 119
78 110
132 37
179 33
7 86
166 54
32 44
107 45
78 109
177 104
12 50
66 147
160 130
131 33
168 156
175 123
99 48
102 177
72 39
176 4
149 25
150 169
22 162
65 41
14 27
15 14
22 73
176 48
74 61
77 39
11 108
86 26
35 95
70 114
136 71
36 140
137 138
90 18
175 122
115 169
22 178
143 170
172 81
29 111
130 81
152 10
8 3
117 160
173 148
86 102
134 72
139 2
131 43
180 95
87 154
139 97
5 50
166 133
116 12
62 91
11 55
77 143
151 179
92 89
96 98
62 28
106 53
110 73
177 103
115 131
93 114
153 59
63 60
92 115
127 49
49 153
144 138
14 127
156 161
87 114
7 167
142 176
19 167
78 6
159 72
17 144
36 63
120 122
20 130
168 68
77 173
59 67
85 121
29 123
12 9
117 141
101 99
118 137
160 125
30 57
16 90
125 146
30 40
67 88
95 97
159 87
73 25
28 23
71 132
80 33
127 152
129 80
24 53
88 108
169 76
121 98
60 154
80 51
42 112
179 94
92 155
47 144
124 6
171 62
34 107
42 97
38 121
157 83
7 164
90 108
167 21
29 140
44 74
41 84
81 83
36 13
6 58
23 135
128 31
147 31
83 56
100 172
20 37
158 96
69 107
57 53
98 32
42 31
125 46
110 43
102 166
69 5
117 145
59 61
8 43
75 119 149 136 52 17 47 56 150 21 76 145 85 141 54 19 171 101 70 34 35 64 180 27 126 165 116 18 161 24 40 
162 178 158 124 58 89 46 146 38 151 51 135 133 91 82 45 93 142 2 148 163 120 170 174 10 65 79 9 55 106 16 
