6243 1294 1165
2184 4642
2054 5221
151 4079
1044 10
1463 4346
2098 3354
3510 2002
2548 5127
2566 4172
4588 645
565 1929
2561 596
4333 2383
6099 3678
2208 1474
2994 2139
3831 362
554 2475
1523 2684
2937 2948
1420 6156
485 5891
2983 1753
3775 3853
5661 1459
3462 1542
302 3670
1503 3294
5343 1714
297 51
989 3155
3107 4754
3249 2754
5609 577
2706 3208
2071 1349
2803 3903
4436 1687
797 3193
2965 5315
2955 1332
1302 1452
5398 3086
6078 3224
2599 2944
5389 1411
5220 5261
3893 2247
2517 4828
1017 4200
2083 3846
406 2163
2260 1156
4168 2189
3203 4498
5721 1179
2141 220
1377 2108
4332 669
1031 2086
3280 6003
1594 3611
5992 5702
4553 2584
233 1869
4043 2683
1733 2031
3635 3877
5991 1140
2239 2346
316 5987
1864 1215
1704 4469
1327 715
3214 4707
789 5636
5942 5211
264 5840
2817 4766
592 2788
2723 1701
1182 4741
4447 2844
924 5855
3197 854
4944 4039
5622 568
1551 2593
2485 602
5580 4688
521 691
526 2754
3256 3096
1844 5305
6160 1042
5250 5793
3927 2572
3552 796
5523 5475
4511 3808
5756 6175
2032 3928
5547 3097
501 2671
860 1006
3075 509
2186 5770
309 1553
3782 4823
3886 4468
1338 4937
1358 1548
3082 374
3640 2653
1598 2322
1144 5129
6004 4078
1034 2865
3193 4117
4473 358
424 1035
256 1481
5886 2478
1636 2967
3583 522
768 877
4035 5351
4192 4617
3178 497
4607 5741
5403 5011
468 278
1477 2911
2795 3497
5848 2831
1161 4856
3709 1049
1453 1630
6090 4019
4742 2594
2680 285
4597 657
1425 4946
4992 1513
3930 1418
413 2079
3563 5992
1753 3119
2076 2221
2402 3620
591 1405
2790 2760
1147 4668
1217 1951
4936 2891
4464 4714
5130 5910
5220 2084
2285 993
370 3767
5493 3306
47 5017
2226 5264
5705 5252
2628 5539
3967 2751
4961 4338
6104 1093
5593 19
4462 3282
6151 4337
2171 5792
3854 1789
2765 4501
3069 4243
4717 2491
6157 1090
837 3654
630 5345
2309 1205
2273 372
1212 2816
5799 5599
1658 1234
4042 2475
3872 83
4984 1188
1111 3234
4667 3428
4536 5783
221 372
1853 4338
5819 847
2674 4595
5043 6022
252 4632
4682 1883
750 909
3478 3882
1723 1962
950 2893
2916 2907
3911 4341
187 150
1553 228
1820 1722
499 4011
2397 6150
4297 1087
4847 1779
1518 60
4007 5897
3037 3275
1779 3009
2174 2976
2229 4137
4641 1094
1179 1451
4175 5878
1879 116
3819 2177
224 1248
6145 514
1798 3103
274 3233
1966 5530
1205 4767
4369 3118
2925 1012
1852 4449
3524 3939
2255 1251
2093 3106
5490 2913
1385 5724
3747 2786
3340 3170
3011 821
4900 556
2725 3170
1869 1091
3992 2287
4926 5446
1887 341
3360 3462
5108 1496
1070 5680
4139 659
4488 3852
1385 4633
1406 3407
2102 5678
2210 4450
3522 5526
630 1918
6061 5187
4052 2599
3446 2526
3102 6235
6168 4846
5546 3489
5039 6093
2047 1443
5404 673
3908 2517
4418 1745
1434 1425
5246 2897
3743 3765
1952 5336
6049 744
1114 848
5601 2366
211 862
2998 4547
1577 246
964 2299
5038 3405
357 1696
3601 2738
3657 301
4281 6169
5532 2487
1732 1751
2024 6223
3975 369
5253 3423
1669 1144
517 181
3390 254
1860 1371
17 3085
71 5914
3373 2823
1263 5339
6235 3543
3607 5111
1386 5644
3185 2826
1284 728
4975 2876
3287 2894
5638 2156
2615 3282
2797 3767
1918 1901
2421 6066
4519 4696
465 3666
3980 322
5579 5323
1776 3101
1530 2465
4524 5158
1029 285
1878 5683
3565 3004
1330 264
4808 1677
644 4600
5242 1155
3062 4698
1350 1114
4022 2869
3080 5602
896 4187
68 2330
5807 5154
1711 5606
760 5097
3127 3680
4526 3248
4513 1023
3525 1473
3070 914
6188 5990
1680 2420
5300 988
4872 4327
1721 5625
4108 133
3557 4938
2575 409
16 4813
2945 1348
5314 1372
3390 5098
3281 4679
306 3603
853 4179
4317 5058
52 1936
2947 2081
2655 1816
6231 6000
306 716
1524 5886
2085 5040
1741 2611
459 363
3399 5979
3158 4741
4775 5109
992 5480
5280 2813
390 3917
269 2311
3940 2509
4485 3194
5554 3194
371 4119
270 2769
3115 1752
946 6129
456 5470
824 1494
351 5267
3853 4247
1758 4544
1681 3528
1736 447
4817 2503
1913 2950
5573 856
2002 2997
2488 1421
5926 226
3177 3860
1347 675
2824 482
3499 5033
1054 3364
1204 5258
2493 1481
4803 1856
4335 5641
2438 4902
4082 2626
5630 6043
807 4725
529 5749
3945 2403
2261 4947
778 2811
4292 1773
4540 2526
1058 1887
463 3178
2089 4115
5746 2693
6218 5427
4884 6214
797 1418
2073 833
5674 3243
3556 506
3733 4232
3485 2860
962 114
3637 1965
5625 1278
5373 5610
1475 1814
1632 5084
6148 1972
3530 219
2146 905
5489 5467
2733 2293
2958 5906
1030 3440
4459 3312
5144 5387
3029 3732
5704 3766
5215 2427
1940 5901
728 2165
5332 4499
443 2581
3832 4181
4699 4420
4480 4262
2297 5417
3857 1125
2980 5286
4149 2681
3451 5714
3023 5974
5837 4914
2306 4673
3373 1754
3015 2780
4291 5265
5326 766
182 2917
4931 3299
864 4029
3720 1574
4702 2495
2954 3994
3041 1185
5551 2984
3233 252
1100 3342
3732 3663
3222 299
5457 4654
4828 5802
4658 2771
4251 5285
1660 3956
2069 1139
1039 5244
4213 4998
582 5470
1813 4582
5964 473
1395 4287
548 5757
5926 3597
4027 29
1762 5621
5711 945
4478 681
2144 3996
1837 163
2393 589
4091 4263
570 1604
2805 1171
4590 3718
5358 5196
1059 6077
962 2551
3474 4727
2494 5069
165 5148
1834 1196
1168 5170
2139 892
2895 5471
4830 2852
1670 1950
622 451
598 3717
3812 6080
1811 1555
2189 2873
5613 5649
1908 3788
1450 5032
784 2147
5067 5137
4787 4704
2395 3936
4177 5076
5976 4866
5693 3369
2191 434
2341 5939
3826 2650
4591 5001
1644 714
5986 2654
559 5233
4760 66
3268 2090
2200 4629
6202 5871
2651 292
6074 1439
3098 1014
6007 1830
3100 5366
1415 682
3554 3827
1638 3188
2570 5837
4571 322
2401 6187
647 3419
1118 5235
3669 779
4040 3005
1554 5150
3748 832
5836 681
275 3250
4910 2278
1231 250
4783 1012
4430 5510
4290 3906
4613 2282
4140 2749
6175 3352
935 3683
2405 2791
5382 1986
3604 5722
576 5152
1235 5521
4650 119
3146 2087
178 1965
2384 3854
2611 3101
5179 5781
5775 4652
3882 3215
640 6195
4408 5870
4525 4770
1688 5062
742 4383
2436 2524
5033 2059
1968 1527
1402 756
3515 5478
1738 4128
1528 5676
3163 5780
2748 210
2199 5873
156 3461
1157 4299
5229 3053
1810 2085
685 1811
1713 902
92 4958
756 1292
2443 1842
2368 3320
367 5615
3925 2398
765 5134
3915 4844
6015 4251
4797 311
5284 5130
3994 3075
1171 903
6104 1683
4760 5892
4353 4832
2860 2520
3837 2618
976 5364
4841 4264
738 2932
5955 1597
1854 1511
1595 2069
3317 3472
1664 4407
180 5400
4037 2323
5698 2329
3188 5823
4359 4142
2416 2170
5797 3265
2782 2367
1669 2157
2480 1150
4131 1892
6000 4044
904 3176
1121 2920
5796 4155
768 5572
3161 420
3351 2771
2437 5347
4546 1876
2659 3426
1578 5142
1092 919
3251 5530
609 4277
2919 6046
1330 3272
5600 5643
4466 3875
2131 163
5721 1245
3572 3627
5291 4451
3644 5481
1194 2871
2950 442
5852 3879
2456 5446
928 4128
4533 916
2862 4216
4806 3867
39 2652
6033 1662
3061 4322
4144 4832
2708 969
4189 3365
130 2280
4347 2378
3879 5159
5146 4860
1239 437
3705 4053
5128 5048
5697 1514
1603 3558
2624 3296
1523 2424
125 676
5765 407
1909 1274
2091 1238
648 1818
3195 2502
5251 3042
1785 5646
2461 835
4307 2015
1503 5155
4197 3461
2820 1771
366 3093
1056 5341
355 2357
4965 3339
3260 4575
587 3838
3314 3455
4582 1513
3060 463
1518 985
1081 2753
2192 2774
1427 2745
4753 4911
1903 5995
4867 4313
101 1091
2410 2957
4425 1654
6028 2323
3856 665
4418 4594
1061 231
5030 3786
1427 674
711 150
865 1717
1650 1394
2358 2762
4894 4714
2511 5134
5382 5372
1598 4612
1631 1977
1680 4937
4191 3593
4359 4944
3811 4853
5657 392
1306 1733
3956 280
1458 2992
5565 1361
1729 6177
5272 4219
1865 3589
2603 2465
1439 3076
2026 1537
3017 2964
3743 1178
5299 945
2616 4337
3309 1731
6123 1992
881 5153
4886 758
3674 542
285 4502
5966 4979
3477 2110
414 5173
1058 72
4377 5682
1877 4330
5273 2764
5928 4714
4896 3914
3347 3768
1611 263
173 2271
4442 2781
6070 6089
303 5703
5396 1362
669 3020
3305 2145
2302 2026
5621 2679
4623 5680
6146 4587
5376 1287
5141 3305
1525 5586
2680 5233
22 2445
1345 3263
1959 5825
2712 3634
766 4014
1495 6186
3566 774
5457 4315
2431 1287
840 5797
6056 2979
5416 1570
3064 4028
3281 1644
3329 4043
5072 5018
5979 4289
3313 5697
2550 3099
6134 5310
6051 2242
2979 5070
994 3251
587 1658
4060 2889
1652 1600
321 3655
2278 1197
3050 2910
490 6099
3736 3184
1134 4627
1993 4965
1718 1223
986 5833
125 4586
2039 4415
4189 1313
411 340
1550 2868
3951 2453
2580 5145
1463 4571
4218 1610
5888 2263
1160 5041
3501 2752
2972 4115
2582 5882
5488 4655
1655 3512
1720 4298
2631 2859
3152 937
1032 2695
64 1258
1839 3434
5971 814
5504 3558
201 3794
5794 3236
5667 2179
349 3437
3807 4790
4470 34
2681 2484
2041 4972
3129 1537
5884 2962
973 2261
4091 5038
5636 4239
4335 4002
2359 4617
46 2428
1087 5041
786 4687
4399 4552
3452 5984
392 2568
615 2849
2063 3950
3426 4966
1643 1493
438 5898
4632 3706
5001 5027
4381 5642
5920 6019
160 4786
6125 3833
4906 4293
2088 3484
1328 1393
4854 3381
817 1008
4196 1397
4449 3460
3122 5486
3222 1433
4222 3144
2094 6047
1840 1231
4010 418
2986 3243
3086 4329
5949 1389
5116 5935
3034 4237
6036 1690
602 5833
1799 467
214 1649
2215 2651
227 395
1414 2580
1835 5584
4099 5753
5301 2692
3263 4116
2187 5059
1128 1704
942 4584
2741 3346
950 241
5794 5614
6161 958
4817 4674
203 2078
1799 5618
288 6222
2285 1666
4882 5505
5507 6173
4678 2087
504 3426
2073 3404
2210 6123
5024 1920
1301 2788
5266 5744
4128 1390
1157 399
1901 6212
2822 681
1056 1998
4138 893
5390 5375
3628 2988
5963 772
3027 3483
3214 878
1162 4488
5212 4277
4432 2807
3631 3806
2979 779
1679 2823
3527 970
5046 1922
3877 4891
3373 3006
4761 3941
3053 4476
3219 4020
2369 3880
1516 2057
4236 3232
4482 310
2876 2847
5579 2665
1580 3896
5337 1504
5204 5259
2419 3253
4860 3912
5363 2415
473 4203
1061 1536
2201 1820
1921 3495
2910 4496
1444 3148
1593 2116
1083 2048
1264 5628
328 4145
1388 3334
5925 1113
2863 2935
6083 5257
142 2923
5593 1060
5049 4187
1932 984
112 5830
6129 331
3752 3253
2660 6023
1454 1654
454 1520
2566 1708
2964 3416
6200 1817
1622 6001
6083 6087
2346 2249
1856 3973
4853 4592
4847 6128
2747 383
519 78
5104 3853
1744 5517
5538 2038
2844 2004
4778 2165
1570 2948
2365 403
5214 4784
4207 242
3548 1004
5876 3862
4133 5757
4341 5087
3477 1007
69 1851
4531 2889
1211 5355
559 1277
5357 3021
2335 2579
2135 4028
32 5557
265 1072
5744 1283
1545 5093
4839 3697
4489 3845
3600 1098
5913 4002
5515 1016
2168 3606
5021 4729
2841 360
3411 5051
3353 3586
661 4295
5298 637
4912 2809
3252 176
4753 3687
2750 1715
2213 941
2755 30
2415 2926
1494 1375
6218 3753
1714 324
866 1271
422 4299
664 3196
3015 5671
1017 5622
4388 4221
2984 1273
5758 1
4751 5144
3020 1534
2164 5168
4829 908
361 3630
4196 4870
4569 2971
2488 2533
2266 5897
4290 5350
4956 4599
5776 3888
2829 2001
4152 2709
4073 741
1334 745
5962 4923
744 2066
4691 2441
3386 5993
4074 317
837 692
6238 1649
5829 5090
1336 2244
5639 5302
5716 548
1082 4049
5177 3243
3308 5447
2749 2738
1305 1493
3736 1011
4096 5689
4157 5569
2241 780
2892 993
1227 5770
5603 154
6073 1985
4774 4557
4439 482
2045 2070
6037 734
3433 3440
4573 2075
6019 3602
845 523
2099 5526
5029 1146
3841 1176
3639 3718
5090 739
1890 3147
3675 951
4820 4092
4068 1296
3054 3866
6189 4220
1879 5354
1212 3749
3512 1410
5538 2763
5305 1559
4909 4188
5042 4233
2634 263
3510 524
1464 4709
4921 4972
1713 5996
3705 3455
2543 5119
4067 4840
259 4246
120 5283
3028 5193
5174 4641
3140 5086
5482 1541
4158 4301
6076 5249
1453 5723
6159 190
2751 3429
3025 1151
3747 3429
5359 6198
1020 4335
572 3620
2030 5109
3865 4779
3155 5607
3523 1236
578 4268
721 2676
3098 188
4725 2688
1497 4948
4507 5143
5818 4813
612 2878
4499 397
126 5435
878 4641
2819 1813
5702 3508
4729 123
1927 5635
4739 4454
4327 5125
4212 717
1199 217
1544 2454
1817 5820
4901 3104
5337 5583
2993 2446
1995 5217
6154 1888
4398 4041
1881 4840
1836 4977
734 4898
3595 375
1934 75
3376 2802
6041 4673
3413 5408
6215 610
5827 4806
2883 583
2075 6107
5809 225
4521 3712
4010 4791
5996 3713
4156 3368
3016 181
1037 2838
1102 5984
3632 2368
3141 3369
113 2534
2003 4293
4138 4393
4565 1945
3032 19
722 1404
3650 3846
709 5687
1746 4355
4845 2989
945 3343
5846 62
6081 2601
1066 4479
6235 4167
3539 5989
282 3068
4937 3422
1675 6110
4704 1031
6222 4474
2503 207
5189 2746
128 2713
4598 202
2884 1447
5258 5812
3661 2245
5003 3509
2815 6059
1004 1367
6159 4994
736 6224
2358 5907
529 110
2814 3840
508 2719
433 2171
972 726
2050 4366
5185 4700
914 6162
863 1970
3831 2537
903 2811
1794 3032
4400 1492
3297 197
4240 4862
4766 6232
3113 479
1774 754
4701 3705
5784 2441
1596 4350
745 4702
5864 2188
924 2854
2791 2122
320 818
2871 3688
2338 1380
4171 4090
1445 2034
567 1847
518 1502
5947 1041
541 552
603 1339
4772 2784
5994 971
5731 913
5018 984
2149 4234
333 6097
69 676
4947 365
4918 3468
1042 5061
1945 5063
1932 4810
3852 909
670 6211
1942 3927
1712 3794
4253 2609
2312 5481
5004 6067
6007 3460
68 4821
5022 816
5349 3471
3972 430
2981 3434
3533 4361
2698 4472
4323 1405
399 1838
3899 3475
1533 1584
3789 5948
773 1617
5917 3122
918 5718
4244 1053
6077 6216
3252 1323
260 3656
2000 1788
246 2627
2666 2198
1190 2044
141 5716
2070 5165
1306 3647
1442 1121
488 976
6084 6189
2048 2021
569 2029
2877 4319
2114 4260
2650 2205
5741 4269
1654 5419
3330 4046
4421 648
2476 2468
400 2062
5986 3201
5655 1135
5344 790
2421 6103
5037 904
2591 4567
2834 1543
2587 4264
475 247
5259 243
685 314
3270 1417
2204 3575
2672 202
5508 307
714 5937
1217 5254
6071 2078
99 5135
4342 3455
3693 3640
6081 5691
5007 3483
2290 1146
3010 3049
2009 3589
5552 5826
3069 5663
163 4577
1500 3870
5951 5672
3312 1886
3412 4667
6040 5508
2531 1321
1576 359
5808 1057
4257 1689
5587 2163
2850 1417
5004 129
2518 6165
2344 3078
1795 1065
3107 5920
627 712
3400 4217
2526 567
6199 6177
4809 2502
2961 5176
3276 5148
1063 336
4986 2401
2530 1040
4708 1131
2968 1125
1117 4466
6088 3102
4923 4323
5728 3649
2118 4664
5575 4737
5919 3667
2437 23
337 4422
570 3270
5576 3566
5524 4743
4750 5818
2345 2287
582 5034
3562 3993
2527 3983
3745 3134
6225 269
1165 1511
2514 2809
1015 752
1324 1606
4799 2275
3702 4048
5890 3400
4452 29
1872 2170
1055 5693
2426 4804
717 4897
1002 5709
6179 3777
1610 3960
1201 1564
4664 351
461 3609
1 5848
2131 99
1900 2711
5705 54
3343 2810
5921 5783
3739 2951
30 5907
4799 1367
2254 1275
3086 1677
3039 1546
5138 2286
4955 5429
4548 4303
3378 3949
6002 5209
5790 4707
4952 1198
4223 99
4347 4066
1366 3703
1962 2335
4472 2782
5739 5806
677 2409
3593 538
4763 3428
2846 2289
2856 5998
970 5807
4661 2411
4636 3892
856 5707
1116 1957
1603 1515
3657 2339
5941 1804
3892 3350
1974 2006
46 5011
81 2005
5519 1927
2758 3742
943 3740
5925 1927
3657 5537
3748 1538
3593 4765
1573 4693
572 157
5953 6043
4227 3513
5074 6212
5094 4454
2695 469
4632 4392
5199 477
2869 4349
3903 47
2731 2130
4088 770
4768 533
6088 117
1569 2500
5660 1272
1964 3515
6161 2981
4245 2857
3497 1200
196 1195
3689 3272
1853 5628
3531 97
5849 5395
2501 1006
4036 5229
3427 4033
4800 4226
3588 1348
3344 3595
4635 5805
4445 4333
2074 3385
4508 5732
5861 5310
3723 2241
1116 3144
3236 6198
2869 547
4165 4028
5882 999
6166 5631
4976 5317
1535 2449
197 4646
4491 3420
5514 1545
3145 5514
1872 5819
346 5016
4584 5978
996 3842
3497 222
627 1923
1804 6005
3828 1374
4127 5342
1962 3448
2555 179
2604 662
3533 2716
222 1969
5278 3351
5401 52
4706 1620
6208 702
3472 2231
5050 4103
5352 4694
4207 3602
476 3687
540 5634
1867 4001
1027 1684
754 2474
791 1075
3619 503
5825 3430
1703 4275
5628 5963
1485 910
3685 5439
5828 5102
4788 33
4596 809
2805 1576
3620 6064
4687 1591
1438 2786
198 2709
1788 4309
3267 5616
5800 3569
2586 5373
5210 1692
4559 2906
1049 2159
2500 1899
1688 2536
5240 459
2693 4503
3879 1870
2753 2775
1522 5577
2138 5470
131 475
860 3630
1645 790
5668 62
1644 976
3051 1503
3285 104
2562 4753
1485 3609
2090 2903
698 4985
5226 4717
5087 1441
3606 2332
3173 4228
4066 1144
2628 5724
882 3239
2400 1537
409 1793
1010 3585
3035 3889
4096 6217
1635 1083
5177 5218
5469 4528
4387 3219
6001 6056
4437 5130
3835 2246
1549 4556
314 428
5698 2689
1691 3306
4365 3164
4835 2572
2106 3934
5860 1838
446 2862
2872 2411
1835 3984
4639 484
2494 2466
4614 4746
4548 1216
1865 3134
3274 1613
3631 3074
1638 943
1125 1136
2736 499
2568 4139
4499 2883
2340 1937
4898 4675
6044 1340
899 484
1249 2646
3214 1875
4256 4972
206 304
1082 2739
3104 3228
5725 4830
2808 5692
982 6032
5870 2612
851 2082
4211 82
3699 4651
955 5706
1767 1750
4610 1863
276 467
4798 2392
3651 5160
4549 3013
627 1619
4394 4757
5957 3902
1057 5069
253 3271
1573 2356
2344 1221
1229 1765
3896 2265
6060 5981
4246 5233
1914 4463
216 1167
4692 4030
2304 4402
2600 6025
3375 5245
5883 5235
3643 5691
2146 4390
736 2594
593 3911
5736 4731
4814 4799
5880 3848
4519 5045
1979 3560
4383 1275
2390 5904
3844 5050
2457 1668
80 2352
647 5892
5517 3390
1475 2461
2970 3463
568 313
5834 6112
1536 5556
715 1531
3435 6243
3821 5393
5354 4946
2725 6145
1222 1620
1699 4854
1123 2320
1963 5365
5171 78
1530 1158
3377 4834
5099 4980
231 560
4980 4767
5963 2744
4371 4673
572 1010
4856 303
3862 3998
3011 3805
6201 3812
4802 5008
1822 5497
5706 3914
1467 4958
2495 4206
2505 454
2636 2413
4615 5713
1385 1582
1404 4737
5467 1442
6031 1310
4210 5213
4893 2541
3787 5493
1602 3427
125 6049
5269 3720
2086 4567
2796 2420
2564 6148
93 4905
1782 46
959 4222
1270 5758
1702 3617
84 3864
5697 3419
5837 281
5509 4853
6054 4669
4130 5925
1207 3774
3724 1007
2632 3316
957 660
368 574
5614 123
6194 2834
2030 5712
5909 5304
1236 4606
5013 418
1212 2757
3565 174
3328 4375
614 1872
1304 3454
5496 1320
2218 5781
4233 2097
6017 4035
2844 4074
2511 3564
1905 985
204 5810
4115 5412
5895 2752
786 5359
4412 1136
3044 821
2521 650
3023 3453
5209 3430
1177 5956
1858 947
541 3961
4159 5129
4647 173
1636 2686
839 2806
4251 3342
1444 6130
1248 525
1525 1279
89 1905
5216 616
1624 589
3300 3574
2912 1483
6014 921
108 2104
350 3161
3499 4413
5772 5886
5887 5034
3476 2990
4077 174
1296 131
2039 2578
3410 5623
66 1459
1394 3957
4671 4057
1197 13
5510 5308
5517 6155
1095 271
1278 4176
494 3197
5236 998
5477 283
4318 1252
2852 3046
4236 2011
506 781
4789 3263
1845 733
2172 3105
3724 5271
3161 1995
1079 5083
2484 1577
2787 4443
1951 631
3750 134
5122 2672
507 3970
4148 3091
1512 3165
1064 4253
508 1267
4748 2456
5937 4089
1224 4623
649 2899
2352 3031
1738 486
4962 4844
799 4927
4671 3327
3361 6209
1403 5675
3874 304
440 3790
6239 3863
1637 2828
3789 3432
2532 4455
4372 680
5070 2554
5155 4954
5289 450
2821 2699
3208 2766
4002 2253
2636 4
887 1750
5153 2558
298 5297
5091 2529
434 1280
1142 2182
850 4848
664 7
1616 6046
1989 819
4454 5277
5156 5289
5086 158
345 3894
2417 106
3019 111
45 4711
265 2708
1073 3740
1806 1183
3312 3693
471 5800
5444 3731
2881 5529
5695 2326
4676 6166
3280 3211
1459 2193
1427 2562
4643 258
2923 4803
1364 4151
475 4122
2693 3681
2124 6090
3340 5170
3159 2173
4636 4849
596 2278
1071 57
683 2017
5514 5113
3412 4728
387 3601
4770 415
908 4174
3553 2071
3464 6205
950 1724
4834 249
3549 3953
3728 2592
1792 3275
1884 4534
5884 6138
5649 3129
2889 2939
4981 416
3266 4401
359 4889
1135 704
1368 5720
1505 3795
2170 2994
2094 3332
4836 6189
705 1136
3170 5662
2028 1127
676 4867
2072 1137
2575 3252
3311 6034
407 2632
2162 2605
5330 314
3624 2252
2088 4663
2904 5218
295 913
3395 4171
3246 1019
3192 2120
5166 5958
2179 4774
5136 4267
5009 5999
4214 4757
5156 4000
3507 1790
246 6161
966 4993
2104 3367
2926 75
2574 1253
6047 4102
1288 5775
3182 4717
4177 1075
5482 5168
91 5656
5367 1380
1116 377
3320 146
4229 1829
3282 5135
425 4213
3104 3112
3375 94
3795 680
4400 4460
2991 25
3237 563
4776 2598
6197 2452
1369 5564
5151 3400
4407 3239
5590 5767
1899 4340
537 3697
4214 3005
3240 6220
2736 5429
2015 5597
1435 5777
3978 5505
2341 3673
2803 894
2949 1230
472 6110
3994 2259
4026 1919
3007 2781
1789 1352
920 1667
1707 1048
5131 4399
4795 4822
3538 3976
1342 2316
1786 5534
6153 1522
771 5074
3191 38
202 733
1909 2595
4960 869
1329 2205
1034 5463
2363 6060
162 3663
2308 5201
2805 5056
3948 4103
574 1421
4259 5224
3772 1306
2529 1563
1836 4257
606 4635
1256 3065
3652 4465
718 1971
4348 4077
74 4176
4795 979
1326 5915
291 4709
2687 3244
4457 4531
2800 815
1059 439
5055 100
2737 3311
4073 6132
1944 591
1570 2176
2004 2002
4578 1095
2724 157
816 229
6190 333
3972 5505
5494 4354
3612 1394
3671 5696
1718 2355
3778 6013
2550 1607
490 1219
2250 4167
5927 3476
3810 3759
2063 888
461 94
5379 1882
3261 4756
119 5237
1107 1330
975 1877
1195 3000
2117 3526
6140 3943
3707 258
2021 5938
2836 4772
1937 1169
710 3293
1914 1635
2154 954
871 1580
4869 2272
1329 2567
5991 3179
2441 5414
5576 3959
536 2843
4059 3654
2991 2561
6186 4583
2735 1232
829 2628
5160 417
4593 4356
3541 2259
1210 3279
742 2313
2928 5477
2068 2921
5746 1621
862 1251
4977 2911
3637 2146
308 5755
3768 2841
1412 3460
356 1190
4913 5648
2374 1910
4585 5623
1697 3735
3887 359
4170 5339
1507 3207
877 2898
4268 2257
5133 3158
655 684
2808 4214
6153 3803
3319 609
2073 5921
4826 228
5936 5640
2429 5335
5177 1358
2010 4083
629 6019
2670 1188
1615 4572
2846 6108
5592 1838
1209 6047
3561 4647
4342 4450
5655 1833
5464 5900
4602 5700
4627 3053
3276 2720
121 2516
2402 4354
4589 3993
2198 3787
2725 3285
4813 2841
4565 3884
3495 5664
2453 3491
2029 826
5028 4313
1056 987
6231 6194
4536 5206
4436 1143
651 237
5106 4662
5324 1166
3207 408
1964 1395
806 2829
5292 42
3414 3
4069 274
3563 5967
3428 5241
3133 2966
4476 3962
3016 385
5864 2115
44 1847
3981 985
1891 1414
5127 1505
162 2733
3820 293
1566 5438
2294 2825
3941 3336
5040 276
1724 6186
5243 3167
369 5163
1023 3274
6184 2548
4755 4763
2858 1392
405 1858
1024 2439
951 855
704 335
2283 81
2208 5186
28 1953
4471 1995
146 5766
3174 2434
2415 3450
5355 1709
3069 345
1664 3993
1743 1555
725 2365
961 1934
3932 2450
3368 2943
786 977
3815 1949
3810 324
1896 4648
4655 2828
2424 3939
69 2560
2873 5279
2143 2674
1439 5234
4591 713
767 4097
3412 5397
1192 1207
4426 3382
1131 5671
1324 4063
3761 5124
892 2792
118 2396
3780 848
5006 2776
4369 2
4007 5333
5659 49
4859 4881
2839 5844
2740 1347
4852 3480
5431 2488
4256 2399
1783 3420
2427 4922
4446 5548
1948 5610
4306 4911
614 5786
419 1130
527 6060
3580 571
4621 2448
806 5987
6000 2930
3351 4771
3091 2719
725 4130
3359 5105
2760 4098
883 4560
1285 2623
3467 3991
3897 3087
1218 5943
6192 634
3521 944
6075 1523
2055 1474
4512 5371
5499 3191
1888 6013
338 1336
5106 4997
3904 4884
6126 581
6088 4605
4392 3034
4224 2290
65 3678
4770 3660
1338 816
562 4944
3535 5957
6091 2092
1249 6177
6069 2958
2390 885
5714 5208
604 1615
5458 113
5166 699
2963 660
4 864
3052 5516
3349 4423
1311 3940
3235 3805
5624 4055
2453 5007
4578 3014
102 2976
5714 2811
1987 2157
5255 311
773 1800
1526 5274
1345 1458
4282 1190
1510 1412
4194 3536
514 1498
2156 4838
791 5283
3839 4012
2036 3779
663 2197
6089 6086
3331 3920
559 2373
2062 2606
2317 1126
3250 1066
112 326
3462 3625
5879 761
3554 4824
4132 325
5214 4320
5896 3150
3779 370
286 3424
4751 4636
3910 507
3444 6077
3182 3358
1710 1411
3269 919
1899 511
379 4050
668 4425
147 4404
6018 2293
1034 1889
6100 3521
5683 2435
6029 2853
1106 4201
922 5618
1775 5426
5870 2417
6179 3055
925 2590
2592 2376
5369 6004
1807 1296
1777 1405
2214 5616
5426 6046
3316 609
134 4616
4832 2644
5729 2151
2764 6244
1740 6117
1831 4846
5609 6205
6138 937
533 1996
5398 3292
4827 3453
5915 1539
1500 3501
3948 5972
6200 4111
712 3786
1943 4756
5550 469
3493 2969
4620 1157
1595 2750
4385 1734
5652 740
2141 3636
478 6224
4456 5120
4265 4605
3858 2076
4712 8
720 5317
4655 5422
2255 1678
3023 4749
1193 4196
2943 2681
1674 1893
5431 2438
67 5331
4653 803
626 2708
1457 3744
3350 5688
2543 1331
2677 4600
5475 2396
5124 4719
4762 4301
356 75
1493 1239
4373 2337
3124 4762
518 2991
5954 2953
2323 1308
5685 5375
2656 953
3334 557
544 1650
3116 193
2033 5758
658 2337
3829 3321
1997 3160
1760 3909
1661 1438
5230 2096
3990 3384
5597 4960
6008 3440
464 115
1510 3168
5232 3256
5807 3378
878 797
4557 4166
4812 1592
5802 2077
5782 3920
2114 4143
1178 670
3489 282
6064 1153
5717 365
3162 3516
1413 5443
5841 1707
2557 4277
5029 5461
5546 5554
2035 632
5365 180
1021 42
4672 3464
5483 3707
4490 1787
3422 2407
4242 4532
1920 3157
769 5361
5705 1449
849 2786
1478 1852
4781 1448
1732 1888
3787 5952
3494 2452
4017 889
4721 4269
1141 6063
731 5944
992 5071
605 1600
4185 1205
1084 4225
2353 5427
3067 3145
4520 3471
881 5377
1889 1723
6180 2963
5700 5358
1638 4149
1694 1910
3788 4444
2380 2964
1430 5409
936 5520
2710 6011
2934 2512
3582 4322
5084 384
871 3396
2147 5516
712 4835
2288 4498
4542 870
3325 2395
5317 4295
37 4153
3436 6050
3543 4480
4871 5136
4009 297
3587 4156
5554 5873
4543 3999
189 798
3388 5254
5919 400
1622 3089
5772 1535
3235 4704
4733 2973
3045 2772
2854 2774
2858 253
1350 2709
1233 3009
2677 2961
141 2918
41 1054
3314 4405
4378 5002
3374 366
2341 902
4848 845
1788 5155
1979 5047
4486 1092
235 4248
783 4625
1865 2316
176 4724
1401 457
2785 1295
851 5368
419 2225
4775 1823
3700 3225
1988 5209
5727 718
1708 5103
558 4385
501 1917
5304 4925
1685 5543
5812 1544
3901 290
3038 4311
483 5747
3626 3487
4820 492
1556 465
3106 4258
1639 2074
3938 5692
268 1343
4006 3160
2156 5688
3647 1716
753 3249
4833 4418
4929 3216
2516 1656
4051 272
5844 5239
849 1799
2643 4417
751 4833
625 5370
5297 2523
2486 2530
3330 1477
4623 2701
358 2846
5703 2652
5481 4902
336 2864
1106 2972
1187 1569
4926 2382
1018 5377
1436 2896
1350 3019
3546 2433
5779 3687
3102 5343
3389 3915
4036 3221
5217 2947
5411 2836
2727 4620
228 2544
4681 4246
3309 3658
364 4614
2344 1344
778 671
5472 1038
4587 2987
1828 5623
1991 2130
750 3575
1706 2838
588 4479
4787 1782
4939 487
960 4100
5842 5881
2565 3616
2597 3691
1383 5562
2013 55
3111 448
4515 4288
1859 3625
2235 3464
3945 4560
5077 2993
3937 4773
2102 1547
5811 2422
440 1825
4445 1214
2747 109
1898 6130
850 3955
3286 2080
208 740
1372 1423
1110 5646
3210 3217
2499 1104
2200 304
5054 1047
982 4200
3737 4509
37 4506
1431 104
4317 592
2152 1626
1939 3043
3284 2295
232 1858
4657 3503
874 4012
6190 1339
4931 2421
4625 4308
5180 3563
4142 2128
4184 2180
3682 1546
1777 5017
4280 4868
2165 3645
2083 3314
3658 4172
3549 2783
4167 5503
4204 5446
3805 747
1868 5343
4150 3897
273 6023
1347 2589
4767 2099
453 2751
3202 3900
2322 1177
2375 3538
3841 2935
651 1189
3906 2663
525 3354
4556 3066
1364 3570
2984 1603
5834 61
1663 598
1550 839
1217 3546
2222 4816
6206 4428
5823 1946
570 424
4370 931
245 2804
963 828
5869 4968
1898 19
6068 5242
6048 6154
5755 4900
1939 678
1919 4536
3391 5929
4950 1299
4497 2206
394 5312
5915 5927
3558 4367
2154 906
1673 3480
4518 996
5127 4490
18 5114
1310 3751
3169 4674
3092 5700
1848 1408
5761 5873
3121 4422
5169 334
1379 424
5376 4816
4690 1842
5903 3088
5954 4457
827 1323
1451 4429
4711 4079
6195 4653
2871 4155
2049 4360
852 3649
5328 3564
1893 2315
3533 6089
2539 4302
1728 426
3349 6168
5456 3276
5845 978
5044 1044
863 3190
5583 3368
5851 4502
4826 25
1170 6044
3519 3014
6147 1579
4175 2127
4720 5107
4935 2085
458 157
61 2588
312 839
2935 5502
5854 753
4364 5584
3915 3286
2717 5285
4743 1932
2552 2818
5752 5988
6116 2112
5961 1952
2662 2039
3957 299
1620 2140
2307 1740
2 4195
1380 5660
1529 4145
2757 2692
1357 217
870 5908
1156 4842
1267 3444
962 3249
4336 90
435 5293
4820 3139
4713 5843
6136 753
2471 1047
5686 5499
1375 1315
2164 3835
2484 6206
3831 67
4851 315
2121 4130
3118 2288
4660 929
1512 4256
3889 2506
3719 2153
5993 1691
5973 776
1484 5067
4045 3527
3676 5702
3122 836
6182 564
4828 5251
564 2854
1958 5218
4055 3135
788 1513
5010 425
2139 1244
5685 2993
624 2399
2306 2325
3913 209
1696 5322
3262 3550
4547 5550
5294 568
5230 1784
1793 2424
396 4786
876 4156
3331 6215
6053 994
2513 5222
3147 1406
191 1235
5406 2300
5369 4692
4967 1282
446 1926
4416 5452
4364 1984
1517 2434
6079 4410
551 3379
5453 2833
5764 6203
495 5329
5545 2220
1772 5990
2360 5754
139 3794
4229 691
318 791
4776 2381
2031 655
5547 3244
1327 537
3959 3923
3363 6052
3790 3552
3175 1404
1743 5
1820 5116
5874 3781
2186 856
2945 4551
6230 5872
5803 1403
4113 4699
4593 3812
3229 2333
4969 3514
1878 2599
4467 2524
4637 3372
3315 2525
2827 3600
4123 2338
101 2128
5085 1964
6091 759
2782 2529
823 2608
4878 1868
2632 2480
1924 390
3063 3056
2142 1722
5057 1014
1642 3485
4698 5771
2540 1108
3665 5958
4723 3510
167 5982
1565 2406
5039 4458
1213 4953
3230 746
3273 1896
2656 2393
5158 1645
1922 40
4741 1954
894 6090
2243 3727
2186 1560
1596 8
2921 822
5472 1689
3954 4135
2221 1409
4378 3177
2189 3393
1568 6198
5696 2083
5867 1757
5164 161
5678 2830
5104 3372
881 379
2713 3547
2915 6176
573 413
4999 3745
5287 4294
1975 1369
4587 4282
4702 2764
5708 2468
1461 5569
997 3916
4154 4916
5112 3584
2778 297
692 3751
767 3463
3477 628
327 5379
4230 5197
339 3137
1668 5862
3866 5653
5019 5324
4622 4824
3880 2812
5603 895
5421 3476
4184 5024
5149 4070
5023 3770
1526 4695
3474 2158
4490 4848
2266 1944
3883 3113
557 4806
4779 5164
3151 978
3491 2682
512 3652
3825 635
1941 185
3772 4187
3108 4971
3753 6155
2342 4585
4956 3579
3300 587
6176 1170
1609 437
1264 4366
5600 3459
3330 2202
4312 6102
4433 4210
2527 4325
3300 1455
48 194
1109 92
309 361
3130 1491
2629 1216
872 4862
353 5192
5270 5311
3760 28
3331 729
4369 963
3869 5606
1944 4088
4545 5483
4122 5600
3698 2223
2548 1361
5716 4024
1737 2878
3659 4108
1159 6059
3335 1681
3155 2719
1442 552
3010 6170
342 862
5606 1832
4603 1164
166 3140
334 3018
3413 2221
1246 4416
5186 5000
2582 5487
5172 5305
4967 3502
4718 3776
2211 3389
2787 1422
3409 2237
1383 1333
253 1520
5836 1600
3817 1637
1628 3826
17 5459
2092 1994
3741 4035
4989 5460
4316 2183
755 2397
423 857
5595 5914
4720 946
2544 2336
418 4628
2799 433
5239 2588
6015 3268
1930 5575
3296 3938
706 1342
5194 6013
3591 2401
763 2237
599 2326
6219 5171
698 1259
2010 2855
5060 1506
2836 3888
4453 841
569 3913
1072 98
4334 4788
217 2248
864 5759
5671 3627
2284 1328
5484 401
2651 902
6008 5626
3694 2398
2297 4533
1194 2840
325 6024
5002 6012
2291 4244
707 1150
3829 4540
1262 1046
6007 1473
694 787
6025 6221
1890 3704
4350 1530
5055 1228
1892 5123
1970 776
3871 5563
2422 2004
4398 5440
3573 4389
2899 5295
367 5531
432 5227
2733 1506
659 4302
2304 2041
5616 348
4930 1735
2566 1929
1898 2564
1950 1088
3797 1045
4173 1371
3912 3926
5544 6224
2246 6105
1415 835
1206 2195
2547 4874
3138 1240
2689 3291
2886 5742
6009 3661
5001 67
1815 2466
3006 4178
2169 3679
1292 1906
802 5543
4793 1482
915 1935
3536 1193
493 2917
683 4034
4192 2950
2542 3494
3288 4731
2656 4865
382 3536
1589 5275
3617 4291
3559 4950
1228 3163
858 369
594 4365
4710 1917
4146 4692
2206 279
3588 4057
3052 4475
4352 1018
4219 5280
6055 4668
4574 4255
1647 630
2425 1973
2109 5137
6183 3278
1735 729
1706 5953
4539 4600
5167 187
684 2343
223 3612
4635 6021
1895 4619
4407 4754
3755 5973
1317 3882
3461 5535
2761 5191
3215 5350
734 3764
166 5710
6126 4206
5721 6006
4291 4683
3843 2184
2752 4631
6045 4839
58 4529
3026 5344
1809 1025
597 5562
6213 2030
2130 5000
4927 3270
4032 2140
2065 2881
639 5507
3310 1851
4235 234
4726 1662
349 1207
2834 1801
2445 2637
2890 2910
770 63
5391 4174
5318 882
3240 5897
5890 1553
3531 863
5262 884
2361 5572
2901 5588
2771 2521
3824 4301
2081 974
2791 5436
5270 76
1551 5746
5164 1471
5000 1909
632 3637
278 1897
171 2902
1915 4911
5676 3279
1931 749
4851 5993
1456 4755
3506 227
3337 616
2842 2428
4384 5611
2214 5982
912 5863
2173 5717
3609 3210
4556 4324
3466 1291
4581 3077
1250 3244
4275 3283
4106 3876
238 3434
4164 2462
3940 2198
767 4440
6016 2158
1169 3284
3267 1286
1950 221
2264 4569
3343 4782
4991 1310
4809 1502
4225 2134
5287 5690
5813 3969
2143 2050
986 3265
4933 325
3949 4070
6127 5010
3741 1313
1210 2336
3799 883
481 4766
5081 1127
2611 6222
1939 3185
5988 3338
6137 1466
2168 1379
917 5381
3942 5608
4271 5285
3648 3204
901 5569
3396 3150
560 4803
4710 3712
3699 3971
1080 4660
5942 5480
5152 1599
695 1972
4434 34
1716 5620
6196 3197
3360 3763
2029 4903
2986 2953
519 4891
830 3128
4183 5932
1596 1453
5619 5243
5669 6171
266 5415
6006 5379
1267 343
1744 5735
124 5039
5254 5066
2498 2411
66 3256
1179 3405
311 1661
1805 4472
3398 2035
3190 1623
5196 516
2090 3798
5650 5405
4344 3131
1668 1756
3377 1230
5966 4397
5231 2843
4041 252
5933 177
6103 5271
6183 4868
4431 825
1121 4071
807 4448
1868 2912
3907 4521
5658 889
2433 4368
2896 3168
26 3988
5307 1969
1009 1697
4547 4460
4730 3380
5384 3534
5441 1981
3587 1933
4387 5979
804 5087
5605 3278
5276 1575
5953 5559
3944 2481
2644 4596
6234 309
4118 5546
3156 3085
6106 42
1702 1509
5658 1156
4711 1928
5881 5163
2620 4928
4424 1741
2508 3765
3435 655
2429 2164
1332 2218
4215 3305
4341 2701
4305 854
245 429
3261 1724
660 5843
2110 6237
4588 5832
1873 6078
5224 4201
6066 4453
2232 360
4108 5065
3990 4567
5385 5855
5899 4477
3225 2581
5126 1093
4627 4959
2420 2504
4495 5820
3423 3690
486 2649
1104 3269
820 5647
3019 5115
6156 3200
6204 703
4614 4736
1754 2279
4057 999
4715 322
3815 3855
4416 131
981 3220
2013 2482
5696 3924
612 5312
1701 5875
2303 165
2662 4990
5012 1307
4162 2432
4403 3353
5485 2465
2627 694
2495 5777
1887 3231
5394 6200
4337 2100
3719 155
5451 3884
265 4588
4352 5959
3438 2580
5029 4517
3989 3515
5653 1748
5203 3130
2730 3766
936 3615
2095 3250
3437 5829
1550 348
2016 2167
5282 879
4688 4940
2561 4647
3817 4762
199 622
5681 490
5366 2353
4837 5496
3354 4136
1286 3435
1079 6159
4159 532
2954 5791
3147 1597
3878 3653
2745 4888
4236 2132
3298 1988
5444 3713
6115 5083
2217 4292
2644 5325
5384 776
1884 4177
249 6076
4727 4921
1325 2222
5067 5654
845 4867
36 3506
119 2212
3759 4329
330 4447
2896 4086
648 5426
2332 2192
5376 3903
2667 1967
534 4347
3183 5402
1223 1687
5488 3241
2886 24
6144 2552
5770 2412
2327 4709
3703 2159
35 18
2301 4243
4109 5753
3526 3441
5020 3861
2362 5677
5940 1812
6203 452
1007 3018
5706 775
3789 2922
3881 1333
1629 3237
28 5300
4143 927
2543 1854
4934 423
4451 4449
14 3411
3280 391
6221 4786
1462 1567
416 940
602 53
4045 1529
242 3942
1108 1163
1301 3110
3946 3995
3526 5962
1263 5359
1383 3097
614 1099
1816 4522
1688 1687
4925 55
4883 3025
2291 4376
751 3114
4511 4759
1675 4161
651 6040
698 3288
4607 5581
2326 1071
3110 2773
5983 240
1862 3706
5968 6185
3247 4528
3979 3612
5465 2179
3952 4100
2462 1242
5843 4765
140 4617
2958 6158
3665 4995
4279 3974
922 2668
2906 2121
3826 1978
4863 1261
5475 142
5777 4102
2003 1226
5570 4375
4232 708
1953 4579
449 978
838 2694
1700 5965
6162 5756
120 951
6241 1078
2838 1247
5561 3765
3964 3664
86 3715
5849 144
2970 4391
4891 787
2180 1379
149 5420
686 4380
3509 2610
1746 2061
422 5353
5198 6003
4526 1982
4076 1624
2792 6074
3780 4716
5765 3872
1497 2689
5655 5008
4807 3196
3047 2794
3072 1261
3574 1371
2354 1107
3038 2589
5216 3272
5552 73
4502 4047
4873 2166
5657 5267
2760 4851
4280 366
2440 30
1470 4784
889 4764
4645 1108
2571 5903
3912 2527
5298 284
3891 3549
3948 4705
3843 6185
783 4227
3823 2347
4844 736
3740 1378
3026 5689
261 697
2161 3871
2707 5078
2091 47
4819 3942
5441 2247
1499 2748
5441 6
3091 666
1045 5882
2280 1487
2185 6044
761 2115
3590 260
3911 3695
1989 5383
3511 2271
460 4772
2099 3629
2439 6141
557 714
510 4718
3769 1029
1560 4242
2106 5945
3189 3997
3512 4947
2334 2952
4048 3799
5162 2203
6216 4062
5503 4858
693 5380
3906 1468
729 139
505 3032
2256 2331
2859 2777
6130 5810
952 1821
1822 1102
5582 2271
3539 5567
4070 174
1365 5599
5500 2518
340 233
576 2808
3830 3160
2884 975
4869 1329
5983 5036
3693 4953
792 3969
5899 3132
4354 2410
5874 1102
662 4545
4553 4974
5092 546
6022 2817
4217 3961
694 749
3768 4284
3470 5185
5251 3217
1759 1983
1074 1480
4004 2116
1626 580
1426 258
4328 4217
4510 1113
3696 1216
5249 1411
1955 82
4988 5462
3018 4544
4980 3982
1202 3353
3364 790
967 936
4479 5303
4637 1084
1231 5657
4943 5417
6122 4360
1847 2671
5641 766
5346 3005
4022 3868
4231 137
4285 135
440 1101
4876 5010
3518 2066
3640 148
2479 2229
4326 2473
3734 4910
3136 5226
1704 2486
2277 3742
5978 3355
4493 659
810 2117
673 2214
4722 2718
254 5123
3449 1941
4210 777
3754 2423
1338 4730
4357 1193
3507 5096
3318 2555
4386 3987
4882 2079
2879 4381
2101 3224
5717 4519
3466 5160
3327 3228
248 5880
3183 4775
4496 5947
49 1287
4327 4604
1941 3795
432 3322
3340 6103
4201 4264
2205 5480
3236 577
4965 4280
6221 1853
3442 672
5565 4568
2163 5159
3966 4305
964 1657
5296 5645
2946 328
5014 1133
3319 4732
5602 3392
2184 580
3275 6069
6242 5978
2744 2608
2012 4287
2704 3954
2470 1281
1528 4854
4910 3213
4508 4560
617 5491
5530 4058
1161 2276
2416 6223
715 4537
6038 4805
1911 2209
3388 4562
3173 4734
3200 3746
5929 2941
2670 3345
3587 3802
1893 2900
897 5276
4084 5669
2063 5450
2433 3222
3081 641
407 794
2318 898
2463 812
1726 5031
1830 3633
6058 942
6191 5089
4914 1480
1435 5992
5923 4079
3081 2483
2961 3809
5190 4644
2246 3504
3177 3090
3953 2154
5136 2254
329 124
3369 4604
6143 3825
2407 650
12 176
5926 1135
1720 2616
667 5947
5878 6169
106 4639
5568 2237
6142 4252
112 5417
2345 1490
4249 2290
5591 255
2742 5034
1610 4000
469 3028
956 5550
2878 1407
4339 4460
4685 6164
2743 3623
5197 2477
743 1450
3736 2288
3699 344
4747 4366
3938 1949
1335 4759
2067 3215
5698 1269
971 5146
3166 2009
3309 4361
371 4101
3873 2875
2253 1857
399 355
1841 3567
3646 6191
2695 1557
2531 1017
401 5738
1460 4950
70 5279
5879 4886
2639 5313
1335 2292
4456 2064
1096 3145
2756 4781
5275 173
293 412
5367 4626
4147 5773
49 1396
5511 5806
3574 686
1918 1413
2337 6002
4668 94
1057 4348
1732 5073
347 4913
779 4107
5023 1975
571 5831
4887 2666
1029 3362
5047 1083
2741 16
843 2647
4342 5151
3345 697
2505 409
1727 6121
2384 247
3332 6234
4238 274
404 674
3790 5986
4290 4574
1309 770
349 2450
932 5894
343 2553
4637 1098
4105 4004
5733 2794
3628 5668
4324 965
5009 3486
2224 2897
555 4446
4756 427
143 126
323 2076
3946 296
4006 5552
147 4053
1162 1802
6167 2792
1483 3208
479 2104
1757 5755
4669 1344
4719 752
5174 3591
3291 2145
1177 3341
640 2107
251 1874
692 1609
3622 1377
2349 5856
2744 3954
2303 5793
2626 4818
4765 230
3491 1354
1036 1650
738 1979
1683 4104
4336 1874
3796 742
2177 5253
497 1152
2482 761
4906 159
2166 5430
6154 4199
5501 3592
1943 3048
2109 4409
1555 4234
4918 5535
144 470
6150 3868
5466 1536
3745 1846
2662 3295
948 1590
3410 1255
2772 4198
4139 5664
2020 2638
3398 1755
6024 2223
1120 5320
318 4496
5865 1137
5532 5418
1114 709
1066 530
4935 26
1356 5110
3614 2442
3697 3287
2817 1322
5816 72
1175 3439
400 5735
3688 3972
4691 3713
164 3115
5994 4161
2438 6081
2034 3873
3501 874
2294 1138
1866 5084
1335 1005
1170 3827
5817 1992
4649 4546
3528 4466
1048 589
277 1895
216 1823
1910 5321
3918 3040
5893 5248
1781 5322
5809 4522
5913 1359
815 301
333 1076
5984 6109
3106 3310
1843 6095
1154 3402
625 3181
3943 1486
2396 4527
1612 3964
3964 1903
2052 1994
3288 4320
4090 3839
2666 5916
4666 5694
467 5890
2281 3088
3395 485
4801 2555
4320 2781
5500 2133
2023 4968
2455 2460
910 5082
4120 4085
5378 2793
824 1735
765 3527
5201 2044
4690 2136
5238 4570
3622 4304
3850 3629
145 634
583 3255
4293 3877
2575 4229
2747 351
4759 1295
4707 2996
2251 933
4740 5161
3266 3117
4981 52
5665 3033
1642 6039
615 4137
1602 6061
2297 5738
2251 91
6137 2767
5888 5027
5026 3951
3572 1817
1382 654
4237 561
6175 2194
2218 4878
2018 961
3484 5418
2510 4961
2899 103
3573 4459
2448 3445
4325 3257
5012 990
432 98
1248 4584
3991 3763
3210 303
4601 1598
3919 998
958 2956
2746 3494
2505 2220
663 2327
3949 2774
3192 2386
5382 4840
1275 701
5647 3049
707 623
772 3065
2022 4269
6062 3751
2667 2491
1086 1194
5422 2942
2882 756
2266 2159
3845 386
413 2040
2765 4178
5577 3708
2379 3840
3786 5181
1890 3642
3670 3188
5549 514
1591 4607
6020 1333
1281 4713
6053 1025
718 3778
4180 5894
2240 1309
4007 3303
2160 607
43 2397
894 5108
2577 3760
3061 5484
3635 3503
5288 4471
3178 3661
3886 3479
911 3564
1129 5913
197 5444
2048 255
1443 1604
3763 5230
1416 809
3013 4779
2542 841
3143 1787
2829 2391
811 6121
2060 5143
5047 1568
3221 1425
5910 5302
4312 1052
4543 3453
5118 3469
2405 5940
3800 3792
5975 1929
5785 1291
3598 1515
1172 4675
2874 4065
5518 2458
1276 2335
2530 3180
3456 4234
2348 573
4350 875
6174 337
222 6131
3723 4710
2298 1809
1069 4245
596 471
169 3310
5847 818
5402 747
853 5719
2427 536
3234 172
6139 5590
3348 1722
1159 2626
5656 4253
1713 4516
3401 558
3981 3660
3403 6211
3437 2429
3030 3079
5135 5378
6069 3079
5507 4473
1109 988
6092 1819
6191 886
3576 5682
3855 7
5211 343
244 2
1430 5252
3893 4518
6070 425
1900 4897
5811 301
1692 5109
2346 5167
3670 4021
5771 79
1455 1451
5577 528
4397 835
6182 3100
1289 5144
1672 4422
4902 1990
4989 5468
1027 4843
5432 5626
5393 4329
5977 1569
2761 5952
3463 4863
5015 2355
2196 5316
4276 1916
831 1920
1428 1043
4708 1228
1607 4073
1875 3418
6155 4666
1188 5914
2040 5748
1577 5211
3212 491
2700 697
2305 1690
4932 5848
2872 1295
1793 5293
5783 5526
5557 3610
4370 4261
3277 5793
3731 1850
3087 4482
3457 2553
4562 4504
5476 4001
5858 4323
2494 2973
3596 1492
2402 271
3181 3852
533 6036
1319 4805
5283 967
2697 368
2989 2251
2960 1485
5703 6218
1466 1952
3781 5104
3154 4615
1187 5988
3544 4145
4658 1067
542 1244
3791 653
5676 1885
138 4795
2906 2671
2116 5594
553 2601
1339 4895
3850 236
1889 134
1095 3484
3571 6157
1252 4516
2447 2757
4918 6172
4604 2617
5196 5596
2716 474
4012 3490
4847 1097
4669 2999
1657 2528
142 6008
1581 4302
4314 5972
980 1475
1236 664
3520 3357
1854 2367
1025 5194
3833 3627
6194 3986
2641 1455
2486 45
3944 430
4208 441
5734 2458
3298 5495
2902 5121
6098 5966
1446 6082
6164 4459
5774 4225
1198 1149
628 1791
5186 4651
4428 2562
5113 2669
1336 5518
4850 4149
2710 2044
1685 443
189 2034
4850 5445
4846 2892
4428 2602
4951 5429
249 4453
1886 6015
5940 5701
2387 2932
5457 2650
2971 1416
1675 4429
1695 3625
5195 4345
2550 2738
2111 5754
696 2710
6094 4758
2680 3658
6149 732
3021 2227
2971 3594
4343 1039
4917 4381
986 4559
723 612
1127 2307
1851 2307
5540 3454
3315 2254
3759 5129
4456 3239
1420 888
2883 3189
6209 3168
2661 39
1232 5342
4585 4273
6092 2056
3085 2042
482 6133
5772 904
5785 162
1528 1676
1008 5349
4481 4498
121 3607
2943 4791
3634 6039
5812 2325
2128 2959
1224 1278
390 4534
992 4092
5557 2318
5673 2226
5885 4162
2183 2732
4990 4722
2707 1558
3539 4691
1977 2269
2270 2768
1257 3205
5820 466
85 5325
4360 5889
50 1238
2456 332
1203 5349
436 5197
2276 4746
4193 677
1565 6204
4940 5061
4192 3730
1989 1273
2945 21
1050 3864
1849 3845
4630 4978
447 4406
3334 6035
2011 703
4375 2410
5583 29
690 3419
3140 5808
5207 2479
883 5088
5985 3638
1322 5200
3653 5666
5686 498
679 1743
6230 5182
5299 2892
5298 61
3607 6010
2500 2902
1925 1967
5195 4112
3413 795
4410 4182
1748 2395
1082 78
1225 2261
2447 4739
5085 5386
6062 3206
5083 5934
405 2721
149 3302
334 3094
848 981
3344 3892
2616 254
3987 1302
1262 16
3888 2058
2115 2462
1625 1158
398 3219
2425 1424
1355 757
3377 3402
2362 4545
434 1590
1355 1594
3264 3150
2291 3077
5524 1871
6080 2180
4708 2248
2768 4609
1999 5112
549 1690
4305 1353
3073 1457
4105 3672
3813 179
1561 5198
1943 1826
582 1435
6040 5811
3120 3998
270 5494
3357 5731
193 4025
1883 2327
5627 4154
5184 2713
137 4179
1145 834
127 2830
875 472
2304 3242
1174 1316
3978 3070
4429 2113
3514 4908
3649 1756
1 4834
3388 2070
5808 6195
290 3913
1764 877
1398 4521
6021 2141
3415 5670
3022 1621
916 262
2444 2748
1150 1549
4558 5491
3880 2635
2772 4465
1300 5153
5932 5449
730 866
340 1141
5971 4137
4901 3978
880 4927
5157 4544
3992 5043
4188 3044
4808 5513
3483 5618
5831 497
4745 1145
915 1731
4555 4096
2743 1634
3124 2464
3378 4526
2637 3454
3815 247
4541 3
3859 2222
3054 971
1565 4618
5555 1203
6119 2968
5856 798
3183 5391
175 3182
1303 2277
3033 5718
5483 3724
3027 4157
3425 764
3578 227
3066 3492
4396 882
5279 4875
5028 1406
3326 4554
88 4188
4792 6176
1389 1718
2502 183
3730 5693
972 1078
72 5352
5795 6121
6184 746
3677 5396
3951 3431
5858 3008
2150 1992
3488 2426
5174 4752
2544 5920
5500 966
500 937
5385 4368
6125 1516
2531 801
4067 5769
4248 4141
4357 796
3901 5154
5750 1174
3423 5911
3010 4134
541 4745
886 998
4266 5007
2788 2032
5765 1546
4075 1762
3027 5598
2884 2492
1554 2269
1585 6029
966 2845
2203 2549
3306 1839
3416 5447
4930 3997
2746 6072
4868 701
2230 5901
352 4928
5477 2393
2619 1358
5541 4493
1914 95
4324 4500
3909 471
4925 4004
1816 938
3025 4169
4942 5116
5247 4705
1148 5004
915 5904
5411 2815
1862 2013
6201 5604
3865 4118
1821 5388
6163 876
5576 994
5909 868
4936 5739
375 5845
1522 2299
5553 2102
4247 3099
1488 117
4232 5123
3628 2652
4984 782
2515 2177
867 5905
4943 5100
4000 58
1253 4956
5402 4995
329 5980
2171 4794
5980 3648
3446 3291
1645 3619
6082 3836
4743 3235
1562 1551
1294 1444
2356 450
3884 1646
4175 2837
1033 1852
421 2872
545 2353
6210 2007
4671 2815
5548 5512
3893 233
955 621
3015 4930
3056 2043
4564 1877
2556 2020
1124 1759
4892 2423
2172 4816
1239 2392
499 4124
3529 558
854 2602
1112 1091
2385 5757
1832 2863
1658 4484
941 1832
2690 2282
367 2178
4363 4722
2835 4032
4163 2482
5506 4550
126 1432
3742 5409
5052 6052
1321 6021
32 4045
1526 3614
272 4703
1533 3680
4773 3014
2627 1972
3052 2490
1937 4438
4067 5558
5928 2787
2250 613
4609 3293
6086 5889
2204 4983
1299 3234
682 2333
3519 5425
2624 4344
3619 3443
1746 2417
1162 2019
1891 1727
2293 3227
4960 4272
3910 5431
526 3691
3118 1988
4900 3387
3726 3245
1587 6063
3969 4919
1686 1368
3731 735
5884 4995
346 3233
4823 5156
2622 5621
2901 5323
4120 4425
2937 1282
5105 4624
4209 1874
3841 4018
861 4919
4919 3129
2439 20
1614 4610
5645 6111
3466 793
1878 1741
3357 2181
1961 2390
4909 2298
3991 4125
477 5894
818 725
6167 6230
1719 1369
2886 4446
3594 550
1901 670
2571 4923
5396 576
3271 3517
3945 4283
3833 1779
1268 6062
2394 2289
1696 3439
3885 3594
638 1488
615 3083
1894 278
5228 2532
1624 537
2931 683
3605 967
1191 2934
5571 346
1337 1884
5828 4680
1035 5516
6193 693
296 5760
1141 5646
5970 5508
5434 3246
5846 851
3910 3528
3278 2705
31 628
2442 3149
5252 865
5226 2585
305 1677
583 4890
1314 1613
1775 1243
2881 3022
765 1970
2802 4095
5931 1911
5065 3008
4561 4811
354 1572
5138 3318
1414 740
1976 6078
6167 3311
1906 3958
3307 1309
1662 738
3571 4248
2228 1824
4658 5912
653 1669
2699 3730
674 2377
102 357
3689 933
2765 4031
5331 3804
4609 4170
3550 4282
1351 793
267 5453
81 3430
422 1742
5801 5198
3299 2055
4292 794
3142 1554
3762 2734
5683 4611
3003 6137
4686 5113
2962 2547
5932 685
4032 1360
5927 5624
5068 3871
6052 3926
1003 5313
3624 1693
5350 6180
812 3123
2345 968
2933 3544
374 5093
4312 3125
3613 1153
2065 6014
2234 2009
1115 2591
2668 6036
1181 1492
608 2320
4493 2576
1377 3935
1763 4317
4901 4361
2250 122
4072 1159
2112 5527
1748 1922
1184 1804
1245 4957
3371 305
1769 2745
1389 3898
5375 4970
1982 3928
2758 1482
733 2025
988 1879
4352 4642
3356 2172
5142 520
4520 5998
1481 3049
1787 2262
1642 290
4833 2641
2524 3674
5722 5213
834 4441
3304 459
1254 4670
1749 551
526 632
5124 4645
2851 1183
1527 1955
121 2050
4835 5524
3006 621
5358 4304
1254 2523
3608 1375
2830 2014
2780 560
3813 170
266 3771
1674 1881
4863 2405
809 5613
489 2905
6073 1148
4179 450
575 421
1518 873
3762 527
4977 4548
834 4964
1520 1283
4365 3772
3652 5442
2473 6123
3469 1119
2596 1463
4426 584
2901 3397
504 3189
3444 6104
2407 970
1586 3323
5175 169
2918 4608
4550 3571
1768 2973
2258 5930
5987 1778
5946 927
1980 1413
932 6133
3988 9
3013 4121
3757 3375
5680 1809
1093 620
3126 1864
5535 3547
3997 5261
2497 1900
4436 2489
1831 5173
3975 3863
5338 63
2608 3738
539 4740
2027 1078
6141 1356
4056 4509
1048 2496
1949 2501
2458 1855
441 448
3036 194
4907 2007
3821 5991
5804 5532
2059 1070
3301 4219
116 3120
2143 3801
3030 3521
6184 2820
3064 1313
5361 2798
1573 2940
1564 5117
5137 5828
1367 2534
4760 3260
1963 380
4699 3407
2103 1297
1240 2573
3087 4586
5660 2568
5856 3849
2314 935
2873 5995
2148 2062
5356 746
3601 531
754 580
2647 1823
1731 4297
4245 3238
1567 1483
3894 3238
3131 3814
115 1272
4663 5225
2535 1580
1469 3538
4598 402
4359 3212
4578 451
4013 5809
321 1674
629 5624
785 1023
138 6147
2908 4909
5287 5816
155 187
3701 948
813 4943
3975 1065
5669 3042
5543 3223
5632 4663
2605 1840
4172 5672
796 5327
1608 2365
4235 4041
2972 5905
3986 2664
206 1432
523 574
2319 3577
1006 3775
2444 1505
5495 1112
4427 3442
5629 2069
4208 3370
2112 1767
3191 3783
238 5613
430 3754
6108 4904
5059 4563
3617 6080
4483 3130
1822 5533
1472 1789
5917 447
3253 3447
3781 4864
4720 4634
652 1254
2707 4701
1022 5082
5240 465
268 4010
3568 5185
4644 1633
3727 3839
3101 59
3425 4845
2932 2645
1198 1661
922 189
4987 5686
5679 4866
1151 4275
4571 874
2425 3754
1969 5110
5745 4319
4103 3246
923 2948
3519 1739
5243 4924
2317 4379
2516 289
5420 2020
5799 3021
5490 934
942 2861
3500 3522
2618 2930
2661 3261
3541 5453
263 5239
2597 2998
875 1223
5474 4978
4963 4127
218 470
144 1673
1841 378
2974 2370
4339 2352
4328 1412
3447 2532
773 3926
2270 1152
51 1430
2870 1214
3022 711
2715 3703
4102 356
6174 5597
2646 5035
3099 4358
4731 3473
4953 5281
2480 3403
1445 5751
3874 4331
2416 4221
2262 5147
961 585
5355 2277
4138 6168
6216 3711
1892 2119
2521 5673
3957 2523
5743 57
3611 150
4777 3983
2067 1648
2136 2936
1673 5088
853 5857
2618 5995
336 179
3961 665
92 194
4566 4448
1038 1940
1065 3947
6070 1738
1027 5815
5933 5428
1803 555
1299 1534
4431 3618
4339 2144
5502 6226
5924 167
2522 3038
1963 1960
5538 3020
230 6096
4384 5139
3611 783
5256 1990
1634 4791
3616 4066
5064 1391
925 17
2155 5580
2667 5335
3999 4528
1765 445
2988 4075
3665 2925
5361 4700
4996 451
5017 3344
2909 1667
5172 5270
4968 5214
5684 717
600 2392
4852 4087
4849 5985
4938 5140
1621 3144
2583 6063
5581 5880
5237 3828
5694 6241
2008 5006
2460 4358
4489 4163
4190 1043
104 2714
357 1018
3985 4154
3686 5133
5247 4270
4687 2422
529 4667
4826 2597
2965 3260
5740 3026
1293 2319
1240 209
421 5536
542 2220
381 1977
3333 5069
4202 5070
2799 2880
3402 2630
4746 3162
443 3308
5495 243
3012 5502
4931 821
4206 339
2324 1401
3591 495
5410 1263
930 1833
5566 3688
3992 2812
4142 1079
4898 5229
180 2451
2301 3500
3653 1761
5565 376
3321 5316
808 2473
68 4640
2449 4064
672 2624
5377 5240
300 1185
5506 5491
2845 2643
1861 6207
982 3057
5223 2338
3674 5427
4482 3968
4917 3316
1001 908
5930 3958
871 4882
1685 1821
3394 1544
5980 1728
4257 5149
3647 473
1583 2067
3240 5850
4487 93
4118 1666
1257 5466
138 308
5959 5348
4530 1092
2011 1726
5951 4094
1476 2895
888 1328
4239 2075
4216 1715
907 3782
5800 6114
4252 2675
3707 1974
3981 709
1049 5762
6003 4016
5076 3409
4815 1896
5128 2137
519 221
3496 508
5148 2694
4265 2640
2646 2885
5836 2826
4239 4297
1659 3535
5374 1107
3120 886
5027 2434
1089 5589
286 5309
3890 5744
4580 5055
146 727
1208 1830
3225 5360
6106 1183
4946 2332
3729 5074
1664 3832
4286 5901
6135 702
3158 999
6174 2533
579 752
4642 3245
693 1663
2499 5479
2431 1641
5437 5206
3364 1457
4001 3663
1344 3143
5687 3761
2046 3685
1237 2389
1883 5095
1322 688
5522 5990
6057 4808
2518 4945
3056 4053
3207 5018
4586 5159
4233 1903
1253 1035
2477 1185
3386 1564
3407 1592
1399 4180
3229 1229
586 6120
5729 4054
2455 3482
4921 4348
1512 132
1262 939
1566 912
798 5276
5578 1707
2721 5492
5715 4221
3726 6023
3631 3224
339 2545
3753 1105
4836 5098
2567 4514
1891 2770
910 3679
3420 6064
5868 2823
3983 2975
3514 441
2276 6236
5997 5262
5814 5105
3748 5418
4802 5878
1861 4296
2868 1290
1408 720
4205 4325
5420 4596
2641 4817
2280 4299
3498 1332
6181 6157
4905 5753
487 513
1572 5958
4268 2247
6025 4186
1767 18
841 2937
3832 3758
5313 6183
1043 631
4780 2331
231 4409
5672 3187
4737 4810
812 1477
4954 4450
3505 3125
6203 5948
123 3956
4694 1761
1836 5651
1345 619
5025 5085
665 5459
4 5267
1152 1534
2469 4037
5404 4744
5603 631
2310 1516
1258 5473
2238 270
5327 4243
212 4064
4489 2331
3193 294
4003 3566
2741 3851
3692 5998
2301 3011
4180 3722
5445 4279
446 1186
5086 5902
4740 5785
6129 4080
536 3973
4801 684
805 1133
5213 3865
4016 1694
2905 636
1058 4660
3265 3864
4072 6229
3493 3599
4553 2035
5493 2367
410 4451
2452 2328
5560 4295
1013 2469
4915 4321
3626 4400
4893 6236
136 5881
903 1071
5207 2607
2320 4924
958 5339
4424 5271
272 3778
2813 3084
5473 348
5082 3784
4392 5941
2496 5637
5241 4415
4675 5699
1465 3986
2477 1613
5601 5249
296 2633
3710 82
321 800
2129 5874
4465 4216
4811 1723
4996 1508
2589 3973
3299 3403
26 5589
6042 4480
1967 5373
5003 1916
846 4988
6108 6027
801 5289
1443 5202
2697 5551
5814 3588
2012 5499
3641 3499
2728 3162
3901 5409
5957 1297
5633 5302
707 1302
3668 2481
5133 5407
1934 4546
4861 4476
3190 2051
4494 5985
3059 5275
1671 5863
4836 1864
2229 5663
5192 844
1917 5433
1666 5892
2926 3718
2123 2582
1715 3004
1653 2586
1433 1409
1373 972
4241 1491
2088 3739
806 3457
2501 706
1142 3128
224 3691
3441 2408
1848 5724
3921 2743
3872 5918
711 3565
949 1635
4666 79
1622 1725
3756 4176
6231 4379
913 4254
3714 5523
255 3058
5061 5192
2637 4935
1811 2716
4591 3054
3485 1382
983 4674
6082 1935
629 3079
1202 4747
2832 2117
137 2430
4247 1886
1632 1810
65 4204
496 2571
3922 4852
1489 4757
5458 747
2426 2960
3458 2636
3259 1506
116 1420
3385 3837
2574 4825
3292 3621
3582 3447
3743 3685
2602 1663
1861 4751
128 2625
4694 3273
3788 3603
5689 5222
4076 5088
539 2299
2248 5020
117 2300
5863 6085
2306 5009
4092 4859
3792 5889
4860 1775
4967 1132
2183 3570
540 2703
590 2066
4827 2371
4155 388
5627 2262
2496 6118
3918 3481
65 3267
1840 1195
975 431
793 3933
4535 2617
3605 3931
577 1906
1417 3258
866 6043
3097 5824
540 5622
3417 2965
4379 5092
1871 4592
2957 2696
1501 5834
6053 1535
4597 5581
3248 1094
2364 5415
5490 3622
3100 361
3366 2136
4899 900
5003 1951
5413 3838
486 4005
4769 2228
2267 4222
2094 4090
4351 690
6119 695
3172 1363
6106 1416
419 3712
3955 3827
5122 5242
5523 4300
3196 4023
4697 495
3554 260
1634 2228
3383 997
5585 2469
2929 2820
1828 1031
1730 2535
555 1161
1386 4689
3583 3589
55 1284
4645 732
485 633
4776 5788
5930 2977
2210 1614
4034 5391
393 775
691 5448
520 2676
2101 5824
5023 4015
5008 977
3725 690
2125 918
5172 4532
2953 4467
2418 4653
5959 4561
2674 2648
5651 1106
1437 2084
5615 3245
987 2750
3308 1689
3002 5725
769 517
4877 1990
4147 5627
141 2398
2673 2691
6228 1047
2794 5566
2581 5006
5965 1651
6241 4378
3760 2569
5472 4241
1692 6101
2924 2721
1614 506
3471 2197
6049 444
268 213
3173 98
2916 3254
1975 4089
4399 3251
5316 1312
2959 4939
4044 4582
769 3070
2863 394
2578 4387
1062 5282
6014 1370
3216 87
2356 4978
2466 5399
1928 2190
1348 2319
2985 5072
4565 4810
5307 2934
1904 2821
1902 374
1609 401
5518 4750
4288 1265
6131 2236
483 2779
3614 1395
932 618
3739 27
4242 2031
5651 3360
4419 4936
687 3200
1780 4886
2701 1148
4512 1925
5739 3490
4237 1419
2126 3600
1000 1285
1831 5898
2908 2722
5454 5020
2673 6212
1697 1337
3209 1153
5547 3507
1323 995
4467 5687
3098 2268
5423 2678
5310 4468
3801 3408
5367 239
2321 2027
2821 2789
1202 2166
186 1567
4006 2668
3266 3561
5297 3977
3503 1440
50 3943
1044 5529
266 1026
4862 1068
245 1494
3409 1759
2807 3818
4785 2241
517 768
4576 6185
2027 287
3560 5709
3442 595
2957 4382
2559 5158
2168 392
1747 5825
1249 5647
807 4878
5405 4763
4266 870
865 153
539 308
4492 4730
948 4538
319 4562
5352 977
3868 1733
4727 527
306 3963
5312 1146
2702 1527
1010 4160
480 4333
3229 4774
3342 5859
2911 4042
6120 3793
858 39
2322 2384
5253 1109
2081 5290
4473 634
6126 5960
4364 1912
5983 5038
3970 643
4973 4824
1038 5295
51 5128
5528 264
4738 3792
2372 2253
3889 2925
5602 4605
2182 892
3773 4569
4435 5562
1572 3822
5340 3762
4110 3505
3171 3821
1356 5917
3719 4523
1835 5778
3024 6004
4941 4725
1245 2389
887 3298
5996 3706
3876 1341
2563 5101
5855 523
5900 636
760 2303
4518 5515
748 5482
2921 337
2982 3535
3500 2930
2813 5737
775 2350
2468 4254
2759 1054
2226 4920
1445 3545
370 6086
4093 5599
3004 5344
5563 2054
1676 3555
25 933
1848 2614
5864 4982
3662 2860
6092 5163
4033 4561
801 6066
2563 1897
2843 3785
5378 689
6095 2129
257 1418
5184 4879
2467 230
5798 2003
200 435
2351 57
1197 5617
2491 6024
3541 4370
704 3895
5898 6065
1911 4516
1291 1151
96 3616
5664 4805
2364 859
4866 4178
169 2459
5411 5799
3602 45
3320 2109
4784 5542
4285 2533
2158 205
88 1112
1229 2809
3044 2956
2753 2614
6233 4091
695 4993
2428 991
2888 3077
1702 2233
5219 3530
195 686
5951 5574
4468 3457
3531 4659
1618 923
1432 3172
987 4321
2499 5268
1708 1605
2448 50
680 1400
5098 5237
3429 5682
3801 1266
5846 2167
3198 5138
5729 1301
6141 4718
720 2677
5459 1897
1756 2086
2078 1935
633 3192
3125 5248
1466 3350
483 4042
6050 4303
3248 2963
5722 184
4287 1342
5534 155
1174 5726
3900 1243
1051 3896
5718 713
3128 3406
3441 737
723 1880
2436 1055
3326 5168
1761 4043
3654 389
1919 4061
5685 2201
1750 5658
4788 2699
394 5040
5286 135
5293 677
6051 4055
32 4830
5909 1173
105 1232
2259 5694
927 4801
2780 88
3873 656
6026 1566
749 4962
4414 2643
723 2105
1586 3295
5334 2358
295 1209
1542 1827
5928 3143
6204 3840
3212 3153
5149 5161
181 1667
1636 120
3595 365
250 997
4971 1588
2754 5365
2690 3405
6147 3001
5879 3
2938 3610
4540 703
5299 2736
3008 4981
5910 4532
762 2586
496 1386
3766 3496
5392 2970
2475 152
2642 1916
328 2216
1072 2994
1895 5093
1180 4926
3920 5730
3088 2887
3286 2207
1875 1532
1808 1953
3573 2658
5484 5994
1187 551
1734 2375
5922 1720
6083 4719
4869 1540
2578 1068
2145 4410
4677 4274
5280 1284
6120 2414
5641 5943
5942 621
5950 149
2325 5559
4110 2670
454 4016
315 5080
5325 77
1945 842
4204 5726
1273 1039
3448 2978
2316 4550
4603 4278
36 1077
215 598
700 2144
3238 371
1068 3237
824 479
1488 1085
900 1361
1905 2848
5824 2697
5937 4442
860 44
1529 5522
4374 861
243 1314
5612 2450
102 5106
3385 5775
4988 3273
6153 6030
2956 564
3324 5059
3171 4638
3716 1542
444 1137
90 1931
1627 305
1586 2296
3902 4409
6234 4161
891 949
3141 6166
1511 1103
5362 3172
3226 4729
3127 4250
1105 3365
5488 5178
3547 1744
5614 2381
6236 2592
732 455
4358 5521
1928 4038
1169 3856
1691 668
5904 2895
601 5173
4735 923
4831 5905
368 1264
2472 4570
11 3857
1615 728
1168 2140
318 3953
5056 1649
6178 1683
4171 4223
4843 957
2690 4938
5584 5962
981 5205
4265 5079
3684 5422
1947 2318
5740 2897
5066 2195
2729 963
3634 6152
5754 504
4651 1753
2110 462
324 4170
4129 751
474 3603
668 4897
286 3416
5455 379
3995 4559
3542 5206
5053 3131
2672 5858
6169 3905
3914 1387
405 2989
3624 4174
3315 4362
5787 5610
1907 1754
4884 6156
3465 5575
4509 4385
1594 193
4461 2157
4747 3218
6094 2962
5636 4395
4914 62
4615 3274
3918 1087
6073 2621
1521 5057
1196 2175
530 5054
4008 3009
2274 3959
4319 4254
3825 3854
1408 1568
1450 4639
5320 5220
3163 6113
113 3269
4989 3034
2092 5075
2546 4105
470 4885
4957 2801
1665 571
2685 4226
916 373
2071 3560
5496 3218
4310 2692
2040 5969
4447 1318
5424 3987
2647 2867
206 3372
619 4855
1260 128
435 1698
4845 3115
4147 5853
5335 1714
5656 4781
2866 2133
569 1133
1637 849
5447 636
2594 2657
2564 4543
2269 1502
5263 2223
3171 5260
858 4940
2282 3421
1602 935
3493 2511
5005 4120
2917 1803
5024 1841
586 4241
5559 1209
5944 1243
1376 5802
4411 1391
3551 3194
3103 3999
3540 463
192 3857
358 2661
2007 3030
3109 3550
3066 6240
3816 5248
3767 3847
2923 4376
3570 90
3721 3592
5819 2404
650 4208
4081 2442
2203 1145
3475 2960
5072 1938
5674 5143
2629 1770
1368 919
5954 619
4442 3810
496 5965
6051 646
5563 7
5146 5977
5050 5768
6131 2053
1244 2727
2803 520
5300 4037
139 5112
912 1510
3071 5092
4314 5678
5433 4522
535 4574
5548 1796
3081 4303
1285 3370
5503 2613
4314 4690
1545 4024
423 2287
2998 2197
2726 5090
37 5741
1298 3626
710 5972
2479 1401
4575 611
4415 1421
3506 663
5845 2678
5057 5835
5324 943
448 719
2015 5877
820 6056
5839 760
3939 3532
2812 5262
3113 566
2087 4563
1196 1595
1497 5306
5286 1519
2534 1955
5829 1525
3398 3289
6059 946
1885 4928
5433 1590
3630 3112
5207 2037
2101 6190
3365 1020
4075 2330
5640 4705
4088 1014
5241 431
850 2785
6162 4924
433 3902
2914 2431
6061 3965
5688 3941
2519 2173
5235 3134
750 3680
890 63
4430 3829
3469 1327
1601 5900
6133 5132
3439 2388
5822 1203
5556 3807
1324 124
502 2905
5649 5217
5948 984
2507 5152
4996 2927
3218 6029
165 3279
5933 1762
5653 4905
4701 1403
2334 2986
6211 4110
552 5415
34 3835
5041 1122
5525 1657
3064 2437
4880 3133
1282 293
3133 4700
1070 2201
5977 530
5625 3929
4252 2449
4336 2160
4827 5838
2294 4752
5369 713
3679 3834
2876 5921
6209 6227
2749 168
5337 15
5673 3720
3345 5282
4533 4274
1391 1491
3271 543
1829 4505
2447 2553
3292 926
1171 6148
3185 4971
2826 224
472 5110
1381 5691
567 1075
3779 1552
3838 5866
1734 2343
1740 5498
5075 4322
4022 4162
1701 4383
6179 4143
5319 2255
4534 5899
4976 107
5188 1281
1142 4288
4076 5161
1258 1682
2859 4698
3799 5645
3490 1251
5731 3876
3862 3290
5891 4384
2916 1604
3496 2106
5195 4266
6243 5348
4445 2012
2010 3958
515 4575
3411 2375
5609 5907
5971 2219
3287 2995
3472 135
2182 5342
5929 2444
5598 4603
3850 3581
3016 1241
653 1571
5011 1705
3186 3110
3199 4664
702 2952
4471 5183
4656 5142
633 2347
2206 5071
1028 778
5323 2828
4426 6138
964 1372
4313 5043
2204 1429
3228 2285
2400 5763
411 269
4122 2370
2552 3660
5903 4100
642 5781
3928 5818
3332 1777
4857 1726
4114 3780
1474 2770
3221 618
6202 6074
3537 4958
914 329
3489 4570
701 5545
1813 5821
1261 501
4405 4644
3095 5510
1283 5590
2588 3395
1956 4512
3216 1272
1862 3606
2807 444
1766 5534
4065 2538
4431 5295
271 706
56 2976
2572 4065
5674 4226
106 5794
1479 1012
1220 4984
3415 5506
5589 4796
2389 4684
5170 4304
3033 4665
2694 1346
1640 2084
2054 4126
3103 4949
3112 6243
4913 1694
5381 6002
2113 4024
724 3696
5789 2368
6180 1881
3318 3715
238 682
3592 1607
2952 2802
909 1869
1797 5580
5012 5522
1384 3583
820 3546
2445 6124
2243 4563
3530 2461
1028 4857 5031 2196 1312 3095 2633 4676 6238 4889 84 3887 33 840 3451 1913 140 1009 2080 442 2732 111 5306 1269 4316 4948 198 5205 4182 4618 478 2818 2814 2211 4525 6193 5380 3675 3717 855 873 3891 2783 2848 954 1353 1041 5257 6165 4116 4789 5568 4855 4412 4477 192 3132 5469 2382 1180 4748 4060 1798 5750 4414 4417 4095 5681 1060 505 2619 3615 2371 3931 4749 5974 4800 2967 2686 4507 1378 4963 1166 5068 2161 1265 1946 830 1824 2737 3921 4427 4628 5872 3523 4027 5227 4734 635 15 6143 1504 645 6163 4228 3802 5832 1246 1915 4388 5779 3459 1487 476 5643 2404 5786 2974 2024 5956 404 1130 780 5094 4785 2655 4654 5860 938 1398 130 4315 5436 4440 5605 5701 1812 4514 1003 3093 3072 5392 5635 5976 4871 4031 2723 3796 1698 1679 200 1280 2191 521 1387 225 4013 2350 5847 12 4724 3974 995 5321 95 363 5801 3304 1561 3666 2152 3211 3890 2645 56 2409 3524 829 4050 5455 6075 2684 5648 2558 347 2245 3683 2314 3965 2728 364 4736 1175 182 5767 4616 543 2865 891 3834 5788 3899 3226 3488 161 1471 5512 2977 24 4121 2258 5245 2762 1402 2882 281 2193 5176 5661 1074 515 2570 3417 5315 611 5368 2016 438 4084 3725 4355 2077 4351 1318 1819 136 2997 2610 4744 2056 2642 1290 4190 2806 5537 1428 312 929 1682 3231 5690 4294 256 5035 4640 4134 341 2622 2679 2493 1469 4153 4721 1725 2440 1826 2554 4672 4202 4904 3669 5970 3198 427 307 5946 237 1189 3947 2312 2022 3848 4260 1381 1495 657 1373 2321 4437 5573 931 5410 267 1844 930 1227 2412 4049 3858 2777 2631 159 1226 3164 4349 2625 4203 4815 5964 5666 323 6172 2432 544 3597 2606 5531 4504 335 2178 5165 226 2837 652 1206 2127 273 3860 4876 5351 3579 4165 6127 4825 5347 2049 2490 784 4014 5326 3847 1359 1129 3456 5202 2047 679 545 4183 5449 6151 716 1908 4444 1215 5594 3672 3126 5975 5265 2212 3568 4780 6068 2798 402 2909 2025 4164 2966 2898 1936 5401 1241 385 4572 3352 3645 960 4778 3952 2361 604 5619 3297 4646 3303 1123 735 5850 1850 6220 4458 1366 2215 292 3709 5762 1242 3414 4541 3307 3204 1780 426 2268 188 2649 5989 1521 928 1390 5460 4080 3638 3686 234 4761 4093 4238 1365 5357 2227 5423 2209 4296 4082 1172 737 6037 4861 810 2832 2810 1134 5644 4689 2824 1651 2058 4423 5961 4393 2767 893 5199 601 3722 1912 4951 1984 3984 5585 1308 3362 3819 3690 6028 5659 2373 2914 5960 1467 3537 3036 3137 6071 885 1393 3746 3481 1225 3040 5045 3904 1954 1182 3105 1293 721 3577 4579 1808 4656 1578 21 2124 4019 3359 1037 2987 6134 730 5630 1271 2001 4680 3479 5766 620 3262 3632 6178 5789 6011 696 5363 2730 3785 2742 5887 1640 4649 1437 1120 666 4148 4590 3450 2111 445 5967 1334 6244 2522 5273 4311 675 2514 3676 3508 4912 4346 4842 3980 5219 219 1814 6116 6098 211 2260 342 1011 3146 3184 4481 3870 3773 4631 658 550 917 5708 4794 85 5792 5745 3520 4353 4144 3302 5950 1341 5654 2103 2556 1659 5763 35 5813 4371 350 420 3205 1103 1024 3264 836 5290 1736 4406 5916 4887 2793 100 4462 6113 5780 4085 3047 2497 2839 388 5796 2840 6112 1973 1501 1424 4892 2386 5080 2120 2348 2790 5611 3668 1730 1454 5419 5005 5748 5782 3883 195 4380 3114 4129 207 1315 3169 4929 464 4594 4123 1745 1581 5332 1625 397 5723 2659 1630 4966 3458 2310 1143 2489 2057 383 5485 4008 1233 3898 5949 466 2795 5015 3383 201 2118 196 2236 40 6240 103 3492 649 3936 4286 3700 2008 5360 2125 952 4146 5665 4078 3223 4386 1052 6102 3174 3424 879 2700 362 3467 4125 1800 2879 1784 3202 1859 731 2919 2557 4841 1237 2478 4831 1524 867 5037 3176 4484 6142 1234 2675 4259 2621 554 1985 240 2202 6067 327 74 5747 3557 4619 5073 1902 3436 6048 4686 1867 6233 1971 3082 4051 4703 4608 3227 5131 774 3925 3694 4117 4798 6031 578 1268 3206 5790 2257 2996 600 257 1684 1785 6225 1587 2583 5815 1110 5329 2019 4986 4455 5370 804 1441 3758 593 800 4396 2064 2142 3562 2467 4970 2446 1468 2663 5077 4255 5318 4469 3641 2900 151 3363 3257 4777 4230 3478 785 535 2244 5752 3338 511 171 244 4195 4054 828 4250 2232 1584 588 1802 2471 939 4677 4983 262 1046 373 2414 4039 326 562 491 5203 4059 6115 190 3153 503 5294 1064 2609 1448 1370 921 6217 5492 4555 2513 2924 220 947 3960 3744 3073 3443 907 4523 4630 1589 2940 3059 4693 1766 3117 5617 2239 3116 3734 5719 3569 2267 6114 3681 5840 3404 2847 2593 2354 6158 5596 1792 6100 3165 132 3092 2363 3135 2734 5340 3513 5421 4308 1539 3820 3381 1132 4733 4735 1618 5250 5416 1710 5456 2720 2033 2831 944 4932 803 4907 2418 2630 1154 3001 2856 979 817 1776 5867 4611 3708 5095 2435 3803 4052 1464 6030 2944 3692 2584 3094 5169 4390 2528 905 1791 31 3651 462 417 1755 3289 4974 1181 283 2928 1298 5841 5578 4643 3596 5677 6045 2894 953 1119 2913 4537 1077 934 2995 5118 1431 2714 956 1498 5549 1557 4087 1588 3922 3729 5595 218 678 71 2822 4478 5296 5561 5732 2046 5345 5637 381 3142 5443 5400 1274 2451 2595 2731 2175 1834 5629 114 1139 2983 4915 1998 5145 1186 4136 2098 512 5795 2861 3045 3355 811 823 3738 2704 4186 3432 1938 1507 408 2105 1255 1737 5461 842 4517 3012 884 4018 1930 2457 1996 5728 2305 4837 852 1320 5826 5430 4273 3586 4829 1656 2349 289 3545 6010 73 3830 3408 4595 5712 5498 5081 6213 5588 2028 3397 2665 1693 2459 2931 5026 2560 354 310 3968 4542 5587 1167 5852 843 4278 968 4874 4934 4797 5255 4783 1149 688 5200 4814 2275 1968 3824 4113 2702 3642 584 3548 3576 4377 5650 5438 5479 5268 5397 6085 1436 4086 4564 6227 1447 4530 2492 1894 4240 2590 4119 110 2340 2219 2231 808 643 2849 3875 3083 3201 3525 3633 4194 4307 5877 5291 1478 1033 1101 1672 1825 2687 1250 3671 5096 1790 3650 70 6020 5675 3881 5803 4168 4435 3393 597 5078 5504 4652 2043 3063 5383 2000 819 4309 3051 3294 546 3071 3399 1304 1543 5540 3074 3581 236 4895 4026 4061 4270 911 2969 2724 5434 2903 4659 3844 3798 1623 2946 2216 2717 127 5859 1307 5281 1772 2653 5869 2023 3046 5564 2938 3770 4140 1719 168 3867 3482 5501 1388 3721 5269 488 4920 4331 2796 4793 4629 1709 5513 6057 1303 1211 3179 3418 1717 2134 3452 1449 54 3007 2137 1470 5736 4985 1843 1259 2955 4864 2520 654 1987 4964 2549 1571 2920 2573 96 2295 4372 3080 3392 210 1499 638 3391 2507 2613 4394 2929 4040 5346 2640 3230 5478 5386 4568 5025 4899 5274 3078 1221 4081 6054 4443 3698 4894 1956 4464 4916 5147 5773 4933 2870 6042 4262 613 235 590 122 6181 1948 4558 762 5670 3818 5278 4434 4470 1192 3774 4908 5612 4999 719 3111 3358 5804 1541 4554 748 6105 3656 2538 2874 2769 2185 1619 2238 2498 2951 3590 5632 3808 1783 5536 185 5509 3811 5570 3328 
671 3232 5743 2351 5125 5308 1294 4872 3148 5631 2789 1904 4334 1050 5208 3735 4209 607 5115 2329 4114 5141 4716 4215 1088 2657 3220 5544 2379 2207 415 89 60 3966 6196 494 667 455 3050 2890 579 6087 1983 1015 1124 11 763 2992 3247 4949 2939 332 1316 3376 1219 6208 6135 2060 1794 1958 2904 5520 2685 1073 4023 5019 4807 105 4126 2735 5221 4021 4068 1807 5182 4769 6034 5053 3814 3623 595 5871 1343 213 3076 5013 3322 1472 4452 3341 1099 1352 969 1933 5715 2377 847 1769 4888 4601 4612 3749 2816 2357 5277 1628 3907 5353 1540 2313 2122 4497 279 2705 3339 4881 3374 4510 5679 4267 1608 4501 4362 2525 53 2485 1907 5875 5868 5519 4538 393 5448 320 4505 827 1556 2374 4463 5591 3058 2387 4576 4726 6033 1774 3553 2174 1349 4997 3532 5539 4633 1582 1300 2541 3540 3728 2376 6009 3580 3516 1665 2388 1111 1781 172 493 1460 3559 2038 3517 5463 1392 2579 1276 2472 2598 3784 3068 1022 3551 4485 899 3757 2199 5761 5021 4804 280 1660 2169 1796 2855 4549 4083 4433 777 6055 184 1147 3604 3809 2775 5232 1081 107 661 4821 4539 644 6171 6065 2612 4408 5032 743 3313 1514 2061 1376 5842 317 4276 5924 154 2800 895 1797 2339 1080 64 353 6199 6160 1729 177 4723 4056 524 3401 5428 3529 3976 6173 5051 4506 145 3089 170 1063 6027 2864 2235 2394 86 3335 4583 2893 241 5256 3777 3644 3055 1795 3643 248 553 726 5639 1440 287 5633 5284 4261 5311 76 5791 2273 509 5408 795 2739 5707 6219 3062 5049 5798 594 5462 3979 223 547 4670 4648 4879 2683 4197 156 43 3878 1036 3468 3329 319 2148 3895 3667 6012 5968 4281 3090 2660 2135 4998 6122 2372 3800 6017 1552 880 2036 3258 1218 2797 2149 2907 5 3254 428 708 2233 4131 1509 2119 3733 2546 868 3963 1593 5922 4298 3567 3157 831 378 4220 6084 5574 3187 5604 4650 259 3470 1849 2256 386 1845 4880 3659 4982 2188 940 1764 133 5272 5737 3084 2281 3301 2887 5784 5414 3167 5333 2715 4063 1606 5939 2240 758 5338 4005 5567 561 1289 5468 4494 331 1184 6005 4838 3336 2123 3797 3003 5571 5016 1410 3151 4069 449 4318 4818 5931 6207 5387 5699 5711 2408 3962 4782 5776 460 4959 2784 1700 5336 4439 414 4124 1419 5778 4955 1013 1396 5471 2569 3769 6140 4047 3859 1325 1277 789 48 581 4395 2545 3764 1434 4621 203 3159 2519 3950 5450 1122 687 6214 4573 4696 6107 3290 1496 3919 3356 3646 5089 4551 1778 3714 5301 118 4310 1030 2391 4581 2888 3711 4062 1484 585 727 3109 4104 439 5126 5231 5945 1876 5607 3639 1053 2138 2740 5465 456 4166 4922 5180 5215 2596 5667 2283 2005 2891 980 4419 5511 4017 4979 4764 2187 3324 1806 2851 4678 1021 3203 1747 1959 2264 5895 4373 3885 77 2476 2181 4106 2638 2982 2454 3394 3486 2302 5114 4790 792 2877 5896 3776 1165 510 2265 5183 1199 1357 1311 689 2698 5454 1563 5091 2615 1331 4577 1837 5733 2634 1611 2711 5684 637 284 2509 3823 4098 5139 1201 1051 1678 5730 1319 6038 1860 1921 566 108 3367 983 429 87 2804 4890 2539 5541 2360 4712 2413 4029 1097 4626 6128 5062 5759 2536 4495 1200 2162 5394 4111 2512 1712 3199 3584 3000 610 3618 4099 4500 825 4109 4487 965 2230 3682 2217 1773 2776 4665 5388 802 3024 5424 4030 5464 1452 1601 502 5893 2263 3816 1517 3017 2380 3804 2537 261 1617 5642 83 5918 3716 1827 1616 4421 5412 1818 4732 2587 4684 2801 2463 5413 5866 2779 3421 129 4046 5036 724 1721 5140 3756 641 2483 5727 3029 4263 5476 4058 1966 6018 4133 3283 1096 4883 2274 3923 3842 294 1016 1138 6 1981 3930 2311 1643 3752 2052 759 4697 2419 5228 6187 4181 3695 5188 2470 5935 5120 4942 4191 3348 4038 5390 5372 4413 1128 5558 5769 1986 5204 1763 5052 4205 2975 1648 1317 3379 3154 338 1855 300 3041 5121 3186 2729 275 5303 4284 3347 1429 3793 813 513 4483 5100 4411 4994 4991 5934 3337 4524 2703 2559 5634 2756 5044 3057 1752 313 764 3636 232 606 5805 41 2759 4218 4529 352 1786 4401 5474 2249 4231 13 2430 3213 5857 959 1760 833 1957 377 4503 5437 3542 1562 5374 4975 624 516 3037 4602 5906 6016 1222 5981 646 1326 6072 2990 5189 1040 6197 3180 2328 5608 412 4819 3502 1699 3333 1768 3555 2620 2176 3277 5097 5389 5710 838 1270 1346 205 2107 6210 2949 158 1579 59 5822 288 4822 4474 528 5314 1423 1758 5157 3933 1351 6237 3487 3031 4865 2604 3996 3935 1531 4682 395 2108 3387 5193 5662 2691 3108 771 3043 5395 4885 1220 5439 6111 3511 3702 2508 3195 5150 1980 2403 4283 183 1647 1631 5246 2224 380 1991 2551 3119 6136 3971 1652 5341 3438 1926 6242 208 722 2213 3175 4135 452 1176 5764 2600 656 396 2875 2922 1256 160 5063 2510 2635 6226 5997 1407 3465 4768 5862 1585 2853 549 3431 1115 1354 4873 2682 897 5111 2842 5751 1705 2648 1575 1164 6117 6101 5210 1001 2252 5175 5178 3241 2942 4345 3822 4112 4150 5908 2867 1870 453 4952 857 500 3152 481 3035 1479 3684 4420 2464 5955 6026 3710 4211 1456 5720 4330 3361 4486 468 2857 5101 2607 3156 4438 5749 2150 814 5817 4326 2980 2324 457 781 4870 1863 1117 869 1208 4272 382 410 1397 822 2068 1671 2097 3924 5042 1612 3664 4875 1558 4367 1288 3598 4404 5821 2819 788 4992 5244 2296 2718 1126 2664 4249 4289 1801 398 22 1465 4363 1866 3806 1089 4796 2309 6124 1976 1873 5099 9 6097 5190 1633 1076 458 5936 3599 4160 1019 3585 97 5768 2051 2443 3366 2936 2933 4271 2014 1100 4389 990 1213 6188 3060 2658 229 4685 4015 898 1947 3002 6035 5264 5827 5364 1574 531 4492 4679 2504 741 3371 143 1363 1627 5260 5435 1532 2126 153 3473 5533 5497 5542 4009 805 642 5179 3662 4566 4461 4441 5162 2712 3755 1026 2378 3534 3771 534 3791 859 4071 3138 5489 532 4903 2565 1362 3677 1599 1085 2941 1771 5079 5356 3989 2706 2766 2688 5406 3149 186 2999 1422 38 4987 498 3783 5371 2383 5853 5263 4132 1090 5865 2072 1653 4432 617 5787 4771 1118 5912 522 4969 1384 2234 3932 1846 5586 2726 175 5425 1739 2623 1000 2487 2915 1508 2927 199 4792 3504 5225 1942 4622 4973 1923 1340 1538 5030 832 27 2985 1279 3209 2292 4491 575 3449 4382 
